0 0.17265625 0.41328125 0.1640625 0.321875
0 0.29375 0.4296875 0.11875 0.2609375
0 0.39453125 0.48671875 0.1578125 0.371875
0 0.47421875 0.5203125 0.14375 0.3375
0 0.57890625 0.4875 0.1328125 0.2984375
0 0.68046875 0.540625 0.134375 0.3171875
0 0.75 0.575 0.1328125 0.3046875
0 0.80703125 0.5609375 0.121875 0.284375
0 0.9015625 0.59375 0.165625 0.3359375
1 0.23671875 0.340625 0.0921875 0.16875
1 0.3265625 0.3671875 0.0921875 0.171875
1 0.41953125 0.3828125 0.084375 0.146875
1 0.5109375 0.409375 0.0828125 0.1453125
1 0.60234375 0.4421875 0.0921875 0.1640625
1 0.70078125 0.46328125 0.0828125 0.1546875
1 0.7984375 0.49140625 0.0828125 0.1453125
1 0.8890625 0.52265625 0.090625 0.1625