1 0.08359375 0.4671875 0.0921875 0.246875
1 0.234375 0.478125 0.084375 0.21875
1 0.3671875 0.496875 0.0765625 0.2171875
1 0.49296875 0.50859375 0.0765625 0.2015625
1 0.6046875 0.51328125 0.0671875 0.1984375
1 0.7078125 0.53046875 0.05625 0.184375
1 0.80234375 0.53671875 0.0625 0.1765625
1 0.89296875 0.5375 0.0546875 0.15625
0 0.05625 0.578125 0.1125 0.44375
0 0.21328125 0.59921875 0.1390625 0.4265625
0 0.50234375 0.61015625 0.1 0.3734375
0 0.84765625 0.6140625 0.11875 0.340625
0 0.94453125 0.621875 0.1109375 0.38125