0 0.11328125 0.67578125 0.20625 0.4875
0 0.26875 0.625 0.2015625 0.4703125
0 0.42265625 0.61484375 0.1671875 0.3765625
0 0.5484375 0.5921875 0.153125 0.3609375
0 0.778125 0.5390625 0.153125 0.3296875
0 0.91875 0.5046875 0.1265625 0.3078125
1 0.11953125 0.56640625 0.1265625 0.2359375
1 0.2640625 0.53359375 0.1140625 0.2296875
1 0.39453125 0.49296875 0.1046875 0.1953125
1 0.51640625 0.48359375 0.103125 0.2078125
1 0.6296875 0.4640625 0.0953125 0.1984375
1 0.7375 0.44140625 0.0921875 0.1953125
1 0.83671875 0.42265625 0.0875 0.1921875
1 0.9234375 0.403125 0.09375 0.1890625