0 0.10546875 0.54140625 0.071875 0.3484375
0 0.20859375 0.509375 0.053125 0.240625
0 0.2390625 0.51796875 0.0625 0.315625
0 0.3078125 0.53984375 0.059375 0.2796875
0 0.36484375 0.52109375 0.05625 0.253125
0 0.42109375 0.53828125 0.053125 0.309375
0 0.48046875 0.56796875 0.0828125 0.35625
0 0.55234375 0.53046875 0.075 0.290625
0 0.63515625 0.55859375 0.08125 0.3578125
0 0.65625 0.5375 0.059375 0.30625
0 0.7734375 0.5390625 0.078125 0.3421875
1 0.24453125 0.4578125 0.04375 0.146875
1 0.31640625 0.45078125 0.040625 0.146875
1 0.39296875 0.45390625 0.04375 0.146875
1 0.47578125 0.45859375 0.0515625 0.15625
1 0.56484375 0.4609375 0.05 0.1640625
1 0.66328125 0.46328125 0.053125 0.171875
1 0.77265625 0.46171875 0.059375 0.171875
1 0.8921875 0.4625 0.065625 0.16875
0 0.90078125 0.55546875 0.09375 0.35
0 0.2890625 0.515625 0.05 0.25