0 0.9046875 0.6078125 0.0828125 0.3609375
0 0.77578125 0.62109375 0.065625 0.3484375
0 0.65859375 0.6078125 0.0796875 0.4296875
0 0.5296875 0.59921875 0.090625 0.4390625
0 0.40078125 0.6203125 0.090625 0.415625
0 0.26171875 0.63515625 0.09375 0.4171875
0 0.175 0.64140625 0.0796875 0.4546875
0 0.04765625 0.64765625 0.0953125 0.4328125
1 0.11484375 0.52109375 0.075 0.2421875
1 0.26171875 0.5140625 0.078125 0.2203125
1 0.396875 0.50546875 0.071875 0.1890625
1 0.521875 0.50859375 0.0609375 0.16875
1 0.6453125 0.5171875 0.065625 0.1859375
1 0.7609375 0.51640625 0.0625 0.1921875
1 0.87421875 0.5140625 0.0625 0.2
1 0.97578125 0.51875 0.0484375 0.190625