1 0.17890625 0.39375 0.171875 0.3703125
1 0.371875 0.415625 0.13125 0.3171875
1 0.5203125 0.44375 0.109375 0.278125
1 0.634375 0.44453125 0.0890625 0.20625
1 0.71875 0.44765625 0.09375 0.190625
1 0.7890625 0.4453125 0.06875 0.1609375
0 0.3125 0.5796875 0.171875 0.5625
0 0.46171875 0.58203125 0.1671875 0.4984375
0 0.54375 0.57265625 0.1265625 0.45625
0 0.6328125 0.5421875 0.1296875 0.4171875
0 0.71953125 0.56953125 0.140625 0.5046875
0 0.78359375 0.53203125 0.11875 0.440625
0 0.840625 0.5375 0.1046875 0.346875
0 0.89453125 0.53984375 0.1140625 0.3140625
1 0.846875 0.44609375 0.053125 0.140625