0 0.19921875 0.53984375 0.153125 0.4296875
0 0.43359375 0.61796875 0.0890625 0.375
0 0.4984375 0.64375 0.1484375 0.4296875
0 0.5578125 0.58125 0.1046875 0.3453125
0 0.471875 0.61171875 0.0875 0.3734375
0 0.6953125 0.58515625 0.1015625 0.3765625
0 0.79453125 0.59140625 0.1015625 0.35
1 0.22265625 0.46484375 0.0890625 0.1796875
1 0.35078125 0.48515625 0.0734375 0.190625
1 0.4640625 0.49453125 0.075 0.18125
1 0.5703125 0.50390625 0.0671875 0.178125
1 0.6734375 0.52109375 0.075 0.1796875
1 0.7609375 0.53203125 0.065625 0.1734375
1 0.8484375 0.54375 0.0609375 0.1671875
1 0.9265625 0.5578125 0.0578125 0.1578125