0 0.03984375 0.6234375 0.0796875 0.275
0 0.12109375 0.625 0.1078125 0.2953125
0 0.18671875 0.58671875 0.0828125 0.2890625
0 0.23125 0.6171875 0.0859375 0.3234375
0 0.28046875 0.6359375 0.11875 0.3703125
0 0.33671875 0.6125 0.0796875 0.3171875
0 0.3796875 0.59140625 0.078125 0.2859375
0 0.44140625 0.62265625 0.078125 0.3078125
0 0.46640625 0.60078125 0.075 0.2859375
0 0.540625 0.61015625 0.1046875 0.353125
0 0.57578125 0.58515625 0.084375 0.309375
0 0.70546875 0.6234375 0.1328125 0.3734375
0 0.6671875 0.60546875 0.090625 0.3265625
0 0.759375 0.59375 0.1015625 0.3734375
0 0.81171875 0.59140625 0.1171875 0.4015625
0 0.8765625 0.62109375 0.1640625 0.5078125
1 0.79609375 0.5 0.0640625 0.1609375
1 0.6796875 0.5015625 0.0703125 0.178125
1 0.57578125 0.51171875 0.065625 0.171875
1 0.47578125 0.515625 0.071875 0.171875
1 0.3859375 0.5296875 0.065625 0.1609375
1 0.296875 0.521875 0.0671875 0.1375
1 0.22265625 0.53125 0.0578125 0.140625
1 0.14375 0.540625 0.0578125 0.14375