1 0.17265625 0.46015625 0.0921875 0.1828125
1 0.27890625 0.48203125 0.0890625 0.1953125
1 0.3796875 0.50546875 0.0875 0.1875
1 0.48125 0.5234375 0.0921875 0.184375
1 0.59296875 0.54375 0.0875 0.19375
1 0.70390625 0.56875 0.084375 0.196875
1 0.81953125 0.60078125 0.08125 0.1859375
1 0.93671875 0.62734375 0.0828125 0.1875
0 0.121875 0.50859375 0.1296875 0.365625
0 0.25546875 0.56796875 0.1109375 0.3234375
0 0.284375 0.59453125 0.1203125 0.3484375
0 0.3421875 0.58046875 0.1125 0.3234375
0 0.4703125 0.5921875 0.134375 0.40625
0 0.434375 0.59609375 0.1109375 0.3390625
0 0.5765625 0.61015625 0.134375 0.3953125