1 0.1359375 0.590625 0.175 0.3296875
1 0.3140625 0.5171875 0.1203125 0.2171875
1 0.45390625 0.51171875 0.125 0.2546875
1 0.55625 0.478125 0.1 0.2171875
1 0.6421875 0.45703125 0.0921875 0.2
1 0.71484375 0.43125 0.0796875 0.178125
1 0.7828125 0.41640625 0.065625 0.1546875
1 0.82890625 0.4046875 0.05625 0.146875
0 0.36484375 0.67578125 0.2671875 0.565625
0 0.52578125 0.665625 0.203125 0.5203125
0 0.5390625 0.59453125 0.1609375 0.428125
0 0.64296875 0.6 0.1875 0.4453125
0 0.7484375 0.5125 0.1625 0.36875
0 0.80390625 0.48515625 0.1375 0.3828125