1 0.0921875 0.409375 0.125 0.253125
1 0.23984375 0.44140625 0.1140625 0.2234375
1 0.36875 0.478125 0.10625 0.221875
1 0.4921875 0.5078125 0.103125 0.20625
1 0.6015625 0.528125 0.09375 0.2015625
1 0.7015625 0.55859375 0.0796875 0.1859375
1 0.79375 0.578125 0.0859375 0.1796875
1 0.88359375 0.5921875 0.075 0.159375
0 0.06796875 0.5140625 0.1359375 0.45
0 0.20234375 0.5578125 0.19375 0.4328125
0 0.4875 0.609375 0.15 0.3765625
0 0.828125 0.66171875 0.1640625 0.3484375
0 0.921875 0.684375 0.15625 0.3875