0 0.075 0.64375 0.14375 0.3375
0 0.19296875 0.61640625 0.146875 0.334375
0 0.253125 0.58671875 0.125 0.303125
0 0.309375 0.5875 0.1359375 0.3203125
0 0.4109375 0.5796875 0.140625 0.3265625
0 0.44921875 0.56171875 0.1140625 0.2921875
0 0.51796875 0.56328125 0.165625 0.4015625
0 0.640625 0.5734375 0.1421875 0.3359375
0 0.66328125 0.52109375 0.1328125 0.3453125
0 0.78515625 0.53984375 0.1828125 0.4390625
0 0.9 0.4828125 0.1609375 0.375
0 0.934375 0.49453125 0.13125 0.4453125
1 0.203125 0.5265625 0.078125 0.1515625
1 0.28125 0.50546875 0.078125 0.1515625
1 0.36640625 0.49609375 0.0875 0.1625
1 0.4484375 0.48203125 0.090625 0.165625
1 0.5421875 0.46484375 0.0921875 0.175
1 0.64375 0.440625 0.0875 0.1734375
1 0.76328125 0.41328125 0.1078125 0.184375
1 0.88671875 0.39453125 0.1140625 0.2078125