0 0.12265625 0.5796875 0.1125 0.296875
0 0.20625 0.56875 0.128125 0.325
0 0.31328125 0.55859375 0.0984375 0.325
0 0.49765625 0.5625 0.1140625 0.321875
0 0.62265625 0.55234375 0.125 0.359375
0 0.76328125 0.53828125 0.1515625 0.4140625
0 0.8921875 0.54296875 0.1375 0.35
1 0.1609375 0.503125 0.06875 0.1703125
1 0.23984375 0.49296875 0.0734375 0.171875
1 0.32265625 0.490625 0.0796875 0.1765625
1 0.41796875 0.48125 0.0703125 0.18125
1 0.51640625 0.47265625 0.0765625 0.1859375
1 0.62578125 0.4578125 0.084375 0.2046875
1 0.74921875 0.44375 0.090625 0.228125
1 0.88515625 0.43046875 0.096875 0.2265625