0 0.090625 0.5796875 0.1203125 0.384375
0 0.1328125 0.5328125 0.0921875 0.3203125
0 0.1546875 0.5671875 0.1015625 0.3046875
0 0.2125 0.5703125 0.1328125 0.375
0 0.3125 0.57734375 0.1265625 0.375
0 0.3953125 0.63125 0.153125 0.4609375
0 0.5078125 0.5875 0.1375 0.3734375
0 0.5890625 0.5609375 0.1328125 0.365625
0 0.73046875 0.59296875 0.16875 0.471875
0 0.93046875 0.54609375 0.1390625 0.4359375
0 0.6328125 0.53671875 0.1109375 0.3015625
0 0.75859375 0.53671875 0.171875 0.4828125
0 0.90703125 0.48828125 0.146875 0.3953125
0 0.8875 0.46015625 0.1421875 0.3640625
0 0.665625 0.4921875 0.0984375 0.290625
0 0.5375 0.50546875 0.1 0.325
0 0.4640625 0.4921875 0.1125 0.2765625
0 0.44921875 0.48046875 0.0984375 0.2796875
0 0.37578125 0.5171875 0.1296875 0.3421875
0 0.28828125 0.5578125 0.0890625 0.271875
1 0.23359375 0.4453125 0.0640625 0.14375
1 0.309375 0.4328125 0.0625 0.14375
1 0.384375 0.4328125 0.0671875 0.1390625
1 0.46953125 0.4171875 0.0671875 0.1453125
1 0.55859375 0.40703125 0.0625 0.1359375
1 0.65234375 0.3953125 0.0734375 0.1484375
1 0.76171875 0.38125 0.0765625 0.15
1 0.8765625 0.37265625 0.0796875 0.146875