0 0.07578125 0.6875 0.1515625 0.3515625
0 0.08671875 0.66015625 0.1453125 0.34375
0 0.1703125 0.64453125 0.153125 0.325
0 0.26875 0.6171875 0.1546875 0.3359375
0 0.378125 0.59453125 0.1453125 0.3140625
0 0.6625 0.52890625 0.140625 0.290625
1 0.14296875 0.56796875 0.0953125 0.1796875
1 0.25078125 0.540625 0.096875 0.175
1 0.35 0.5171875 0.09375 0.1640625
1 0.44765625 0.50234375 0.0875 0.1703125
1 0.54375 0.47734375 0.084375 0.1640625
1 0.634375 0.4578125 0.0859375 0.1671875
1 0.72265625 0.43671875 0.08125 0.1640625
1 0.8109375 0.41796875 0.078125 0.15625
0 0.859375 0.48125 0.1296875 0.3109375
0 0.92109375 0.46328125 0.1578125 0.3640625