0 0.10546875 0.45859375 0.1421875 0.35625
0 0.21328125 0.4484375 0.103125 0.2453125
0 0.24140625 0.46328125 0.1265625 0.3203125
0 0.30390625 0.49921875 0.115625 0.2859375
0 0.36328125 0.4921875 0.1078125 0.259375
0 0.41484375 0.52109375 0.115625 0.3125
0 0.46640625 0.5625 0.1546875 0.365625
0 0.54453125 0.540625 0.134375 0.3
0 0.6203125 0.58515625 0.153125 0.3671875
0 0.6453125 0.56953125 0.121875 0.3125
0 0.759375 0.5953125 0.146875 0.3515625
1 0.25859375 0.40546875 0.0734375 0.153125
1 0.33046875 0.4140625 0.0703125 0.153125
1 0.4046875 0.4328125 0.075 0.153125
1 0.48515625 0.4546875 0.0828125 0.1625
1 0.571875 0.475 0.0828125 0.1703125
1 0.6671875 0.49765625 0.0875 0.178125
1 0.775 0.51953125 0.09375 0.1796875
1 0.89140625 0.54453125 0.0984375 0.1796875
0 0.88046875 0.6375 0.165625 0.3625
0 0.290625 0.47109375 0.1 0.25625