1 0.1421875 0.42890625 0.0828125 0.1828125
1 0.24375 0.4484375 0.084375 0.1859375
1 0.35 0.465625 0.078125 0.184375
1 0.45625 0.4828125 0.0765625 0.1859375
1 0.565625 0.49609375 0.08125 0.1953125
1 0.68515625 0.51328125 0.0875 0.1921875
1 0.81015625 0.53515625 0.0890625 0.1921875
1 0.940625 0.55390625 0.09375 0.2109375
0 0.103125 0.51875 0.096875 0.309375
0 0.20625 0.540625 0.1296875 0.309375
0 0.3109375 0.53203125 0.128125 0.3671875
0 0.6796875 0.58515625 0.14375 0.421875
0 0.7921875 0.6140625 0.1234375 0.3875