0 0.08203125 0.625 0.1640625 0.4625
1 0.2609375 0.5015625 0.0859375 0.21875
1 0.11484375 0.515625 0.1046875 0.2234375
1 0.38828125 0.49140625 0.0796875 0.2078125
1 0.5046875 0.47578125 0.0796875 0.1984375
1 0.61171875 0.4734375 0.0765625 0.1921875
1 0.7203125 0.4625 0.071875 0.1796875
1 0.8140625 0.4546875 0.065625 0.1796875
1 0.903125 0.44765625 0.065625 0.175
0 0.52265625 0.58671875 0.1109375 0.3390625
0 0.74296875 0.5578125 0.1015625 0.3109375
0 0.86171875 0.5453125 0.0984375 0.3015625
0 0.95546875 0.50859375 0.0890625 0.3515625