0 0.06796875 0.52109375 0.1359375 0.4015625
0 0.2171875 0.5421875 0.15625 0.3953125
0 0.3625 0.55390625 0.1203125 0.3703125
0 0.49765625 0.56328125 0.1203125 0.3578125
0 0.709375 0.571875 0.1234375 0.365625
0 0.81015625 0.59296875 0.11875 0.3078125
0 0.9296875 0.5953125 0.1203125 0.3390625
1 0.09609375 0.4046875 0.1109375 0.2359375
1 0.246875 0.434375 0.1 0.228125
1 0.37578125 0.4421875 0.090625 0.190625
1 0.49609375 0.46640625 0.090625 0.203125
1 0.60078125 0.48125 0.0828125 0.1953125
1 0.70546875 0.49609375 0.075 0.178125
1 0.7984375 0.50546875 0.06875 0.178125
1 0.8796875 0.51875 0.0671875 0.1734375