0 0.2546875 0.59921875 0.2140625 0.6109375
0 0.44765625 0.553125 0.1390625 0.521875
0 0.59140625 0.515625 0.1328125 0.4546875
0 0.76953125 0.46484375 0.1171875 0.4171875
0 0.84140625 0.45625 0.096875 0.328125
0 0.90234375 0.43046875 0.1046875 0.3359375
0 0.05390625 0.64921875 0.1078125 0.6703125
1 0.21796875 0.4515625 0.1609375 0.4203125
1 0.0265625 0.43828125 0.053125 0.3890625
1 0.39296875 0.41015625 0.1125 0.2875
1 0.5203125 0.40078125 0.0890625 0.2546875
1 0.628125 0.384375 0.0734375 0.2359375
1 0.70625 0.38046875 0.075 0.2
1 0.775 0.3765625 0.0734375 0.184375