0 0.034375 0.52578125 0.06875 0.2765625
0 0.103125 0.54375 0.1171875 0.296875
0 0.17578125 0.5203125 0.0921875 0.290625
0 0.2125 0.55859375 0.096875 0.325
0 0.25703125 0.5875 0.1296875 0.371875
0 0.31640625 0.57578125 0.090625 0.3171875
0 0.36328125 0.5640625 0.0875 0.2859375
0 0.4171875 0.6078125 0.0890625 0.3078125
0 0.44609375 0.59140625 0.084375 0.2859375
0 0.5171875 0.61640625 0.115625 0.3546875
0 0.55625 0.59921875 0.0953125 0.3109375
0 0.675 0.66328125 0.1453125 0.375
0 0.64140625 0.6375 0.1015625 0.3265625
0 0.734375 0.6453125 0.1140625 0.375
0 0.7859375 0.65390625 0.1296875 0.403125
0 0.84375 0.69609375 0.18125 0.509375
1 0.78984375 0.56171875 0.0703125 0.1625
1 0.67578125 0.5390625 0.075 0.1796875
1 0.57109375 0.5265625 0.071875 0.1734375
1 0.47265625 0.51015625 0.078125 0.1734375
1 0.38203125 0.50546875 0.0703125 0.1625
1 0.296875 0.47890625 0.071875 0.1390625
1 0.22265625 0.47265625 0.0625 0.1421875
1 0.14296875 0.465625 0.0625 0.14375