0 0.0546875 0.61484375 0.109375 0.3640625
0 0.29296875 0.5625 0.0875 0.2734375
0 0.4125 0.56015625 0.084375 0.2875
0 0.59609375 0.534375 0.0890625 0.309375
0 0.76796875 0.55 0.090625 0.2859375
0 0.8140625 0.528125 0.0859375 0.3015625
0 0.90234375 0.559375 0.1375 0.396875
0 0.940625 0.52578125 0.1015625 0.3375
1 0.2078125 0.496875 0.065625 0.15625
1 0.30234375 0.49140625 0.0640625 0.1609375
1 0.39453125 0.48828125 0.0640625 0.159375
1 0.48984375 0.48203125 0.0609375 0.159375
1 0.58203125 0.46640625 0.0609375 0.14375
1 0.6796875 0.475 0.0578125 0.15625
1 0.778125 0.4609375 0.059375 0.1515625
1 0.8796875 0.44609375 0.0671875 0.1421875