1 0.14453125 0.47421875 0.1671875 0.3609375
1 0.31875 0.48515625 0.1140625 0.296875
1 0.4421875 0.49765625 0.1015625 0.2515625
1 0.53203125 0.515625 0.08125 0.209375
1 0.6015625 0.5171875 0.0765625 0.1875
1 0.6578125 0.515625 0.0640625 0.15
1 0.7015625 0.528125 0.059375 0.1515625
1 0.740625 0.52890625 0.053125 0.1375
0 0.15078125 0.6296875 0.2375 0.6359375
0 0.3640625 0.63046875 0.1984375 0.54375
0 0.56953125 0.61328125 0.1375 0.3796875
0 0.63828125 0.596875 0.1078125 0.3609375
0 0.74765625 0.60078125 0.1171875 0.2875
0 0.81640625 0.6 0.1078125 0.303125