0 0.06015625 0.6515625 0.1078125 0.4125
0 0.28671875 0.6296875 0.0921875 0.396875
0 0.3765625 0.61484375 0.08125 0.36875
0 0.49609375 0.5953125 0.0890625 0.3734375
0 0.54140625 0.59609375 0.0953125 0.4265625
0 0.6328125 0.559375 0.1265625 0.409375
0 0.73828125 0.56328125 0.090625 0.3625
0 0.834375 0.55859375 0.08125 0.3328125
0 0.940625 0.53984375 0.096875 0.328125
1 0.0796875 0.5234375 0.0953125 0.2328125
1 0.23671875 0.51796875 0.0875 0.2203125
1 0.375 0.51484375 0.071875 0.2109375
1 0.4953125 0.50078125 0.075 0.196875
1 0.6015625 0.49140625 0.06875 0.2015625
1 0.7078125 0.4890625 0.0546875 0.184375
1 0.7984375 0.48046875 0.0546875 0.1765625
1 0.88046875 0.4765625 0.0546875 0.1625