0 0.20546875 0.671875 0.1609375 0.4046875
0 0.31328125 0.7296875 0.21875 0.50625
0 0.35859375 0.64921875 0.153125 0.3625
0 0.4578125 0.6171875 0.1578125 0.3921875
0 0.6375 0.56875 0.203125 0.475
0 0.82109375 0.5515625 0.2375 0.5453125
1 0.2578125 0.57109375 0.1125 0.203125
1 0.365625 0.55078125 0.10625 0.2078125
1 0.48515625 0.52265625 0.1109375 0.2296875
1 0.60859375 0.490625 0.1203125 0.2234375
1 0.746875 0.46796875 0.13125 0.240625
1 0.8984375 0.4375 0.134375 0.2453125
1 0.153125 0.59375 0.10625 0.2015625