0 0.09140625 0.6453125 0.1640625 0.378125
0 0.2375 0.61796875 0.153125 0.3578125
0 0.36328125 0.553125 0.18125 0.4
0 0.5 0.54140625 0.175 0.36875
0 0.72734375 0.4546875 0.18125 0.4078125
0 0.909375 0.4203125 0.18125 0.371875
1 0.08046875 0.53359375 0.1328125 0.2328125
1 0.21953125 0.49921875 0.1203125 0.225
1 0.34453125 0.46953125 0.1140625 0.2140625
1 0.465625 0.44296875 0.1125 0.2046875
1 0.57578125 0.415625 0.103125 0.203125
1 0.6875 0.39140625 0.109375 0.2015625
1 0.78359375 0.36640625 0.096875 0.190625
1 0.8890625 0.33828125 0.109375 0.190625