0 0.12265625 0.64375 0.1234375 0.3359375
0 0.16171875 0.65625 0.1828125 0.36875
0 0.271875 0.615625 0.13125 0.3109375
0 0.571875 0.58671875 0.1359375 0.3609375
0 0.46171875 0.58515625 0.1375 0.378125
0 0.42109375 0.58828125 0.1078125 0.3015625
0 0.4859375 0.571875 0.1140625 0.3234375
0 0.58203125 0.5296875 0.13125 0.3265625
0 0.684375 0.5203125 0.125 0.31875
0 0.75859375 0.5203125 0.121875 0.3078125
0 0.7953125 0.49609375 0.1078125 0.2890625
0 0.878125 0.4671875 0.1234375 0.3046875
1 0.15546875 0.5546875 0.090625 0.1875
1 0.26640625 0.534375 0.0875 0.1796875
1 0.37265625 0.51328125 0.0765625 0.1734375
1 0.56015625 0.47265625 0.084375 0.165625
1 0.65859375 0.45546875 0.075 0.1671875
1 0.74765625 0.434375 0.0765625 0.159375
1 0.83515625 0.41953125 0.0734375 0.1578125