1 0.47265625 0.4703125 0.1109375 0.2140625
1 0.57578125 0.49140625 0.0953125 0.2046875
1 0.66171875 0.5140625 0.084375 0.184375
1 0.73515625 0.53046875 0.0796875 0.1734375
1 0.8015625 0.546875 0.0796875 0.1609375
1 0.86328125 0.559375 0.0640625 0.1390625
1 0.35625 0.440625 0.1234375 0.2359375
1 0.215625 0.37734375 0.1234375 0.19375
0 0.15625 0.521875 0.2171875 0.475
0 0.20859375 0.58046875 0.240625 0.5421875
0 0.3484375 0.54921875 0.190625 0.409375
0 0.4765625 0.57578125 0.1515625 0.3734375
0 0.59609375 0.59921875 0.18125 0.38125
0 0.6875 0.6140625 0.175 0.3828125
0 0.78828125 0.61171875 0.15625 0.3390625
0 0.82734375 0.61640625 0.1296875 0.328125