1 0.14921875 0.3984375 0.096875 0.1859375
1 0.2484375 0.4265625 0.0984375 0.1875
1 0.353125 0.453125 0.0921875 0.1859375
1 0.4578125 0.47890625 0.0921875 0.1875
1 0.565625 0.50234375 0.0953125 0.1984375
1 0.6828125 0.5296875 0.1015625 0.1953125
1 0.80546875 0.56171875 0.1046875 0.1953125
1 0.934375 0.5921875 0.1109375 0.2140625
0 0.103125 0.484375 0.121875 0.3109375
0 0.20390625 0.51484375 0.1546875 0.3125
0 0.309375 0.515625 0.1578125 0.36875
0 0.671875 0.60078125 0.178125 0.425
0 0.78125 0.6390625 0.15625 0.3890625