1 0.16171875 0.521875 0.2171875 0.3796875
1 0.34921875 0.4703125 0.1703125 0.321875
1 0.49765625 0.43984375 0.1453125 0.28125
1 0.60390625 0.3984375 0.115625 0.209375
1 0.68359375 0.36953125 0.1171875 0.1953125
1 0.74765625 0.340625 0.0890625 0.1640625
0 0.35625 0.64453125 0.24375 0.5609375
0 0.4953125 0.590625 0.23125 0.5
0 0.56796875 0.55078125 0.1875 0.4546875
0 0.6390625 0.48984375 0.184375 0.4171875
0 0.7296875 0.48203125 0.20625 0.5015625
0 0.775 0.4234375 0.1765625 0.4375
0 0.8296875 0.40703125 0.15 0.346875
0 0.88046875 0.3890625 0.1546875 0.3171875
1 0.80078125 0.31953125 0.0703125 0.1421875