0 0.04609375 0.52265625 0.0921875 0.3515625
0 0.05703125 0.5015625 0.10625 0.3421875
0 0.140625 0.51640625 0.1171875 0.321875
0 0.2421875 0.5265625 0.1171875 0.3328125
0 0.35234375 0.54453125 0.109375 0.3109375
0 0.64140625 0.58515625 0.109375 0.2875
1 0.1421875 0.4359375 0.0765625 0.1765625
1 0.253125 0.4484375 0.0796875 0.1703125
1 0.353125 0.4625 0.0765625 0.1609375
1 0.45 0.48359375 0.06875 0.1671875
1 0.5484375 0.49453125 0.0671875 0.1625
1 0.640625 0.50859375 0.06875 0.165625
1 0.73046875 0.5203125 0.0640625 0.1625
1 0.8203125 0.534375 0.0609375 0.1546875
0 0.8421875 0.6109375 0.09375 0.3109375
0 0.909375 0.61796875 0.1234375 0.3625