0 0.17890625 0.57421875 0.1375 0.34375
0 0.29453125 0.53359375 0.109375 0.2828125
0 0.38203125 0.53828125 0.1359375 0.3640625
0 0.4296875 0.51328125 0.0859375 0.2890625
0 0.4703125 0.5484375 0.1265625 0.3625
0 0.51171875 0.4984375 0.1078125 0.3046875
0 0.58203125 0.47578125 0.1203125 0.3171875
0 0.69296875 0.46875 0.1265625 0.3140625
0 0.77265625 0.47578125 0.109375 0.2859375
0 0.8203125 0.44453125 0.1203125 0.3203125
0 0.921875 0.42578125 0.1375 0.3375
1 0.87578125 0.375 0.0828125 0.16875
1 0.778125 0.38828125 0.08125 0.1609375
1 0.678125 0.4015625 0.0765625 0.1609375
1 0.5765625 0.4140625 0.078125 0.1609375
1 0.484375 0.428125 0.08125 0.1578125
1 0.390625 0.44453125 0.0796875 0.1640625
1 0.29453125 0.4609375 0.0796875 0.165625
1 0.20234375 0.47421875 0.0859375 0.16875