0 0.0671875 0.47421875 0.134375 0.378125
0 0.2125 0.50625 0.1234375 0.3578125
0 0.35390625 0.49609375 0.15 0.3984375
0 0.48359375 0.5375 0.1453125 0.3671875
0 0.7265625 0.546875 0.1484375 0.4078125
0 0.9109375 0.5890625 0.1578125 0.3703125
1 0.1 0.3671875 0.115625 0.2296875
1 0.2421875 0.38984375 0.103125 0.221875
1 0.36875 0.4109375 0.0984375 0.2125
1 0.490625 0.434375 0.096875 0.203125
1 0.60234375 0.45234375 0.0875 0.2015625
1 0.715625 0.4734375 0.09375 0.1984375
1 0.81328125 0.48828125 0.0828125 0.1890625
1 0.92109375 0.503125 0.0953125 0.1875