0 0.2125 0.68515625 0.2125 0.6296875
0 0.4125 0.63515625 0.1640625 0.5125
0 0.62421875 0.5609375 0.1203125 0.4
0 0.69375 0.52265625 0.1078125 0.3578125
0 0.83359375 0.49765625 0.1203125 0.3015625
0 0.91796875 0.4734375 0.125 0.3359375
1 0.17265625 0.53828125 0.146875 0.334375
1 0.33984375 0.503125 0.1140625 0.2953125
1 0.47265625 0.48515625 0.0921875 0.2328125
1 0.5671875 0.465625 0.078125 0.2203125
1 0.63984375 0.45078125 0.0640625 0.1890625
1 0.70390625 0.440625 0.053125 0.1578125
1 0.75546875 0.4375 0.0484375 0.1515625
1 0.80625 0.428125 0.0515625 0.1328125