1 0.23984375 0.4828125 0.0609375 0.18125
1 0.3421875 0.49453125 0.065625 0.1875
1 0.45078125 0.5125 0.0625 0.1859375
1 0.56015625 0.509375 0.06875 0.153125
1 0.67265625 0.54140625 0.0640625 0.1890625
1 0.78515625 0.55546875 0.06875 0.1890625
1 0.9015625 0.56640625 0.0734375 0.1921875
1 0.1328125 0.4703125 0.075 0.1796875
0 0.07734375 0.55546875 0.09375 0.309375
0 0.14140625 0.5859375 0.115625 0.3703125
0 0.30078125 0.58359375 0.090625 0.325
0 0.54375 0.6125 0.1109375 0.340625
0 0.86875 0.665625 0.125 0.40625