0 0.1671875 0.54453125 0.10625 0.38125
0 0.309375 0.54765625 0.1078125 0.403125
0 0.565625 0.54921875 0.1203125 0.4234375
0 0.8171875 0.5984375 0.1109375 0.3859375
0 0.88359375 0.5796875 0.0984375 0.4140625
1 0.06875 0.4359375 0.0921875 0.2125
1 0.2 0.4453125 0.0859375 0.215625
1 0.325 0.45703125 0.08125 0.2046875
1 0.4515625 0.4640625 0.0703125 0.2140625
1 0.575 0.471875 0.071875 0.1953125
1 0.7046875 0.4796875 0.0734375 0.20625
1 0.83359375 0.48828125 0.075 0.20625
1 0.95625 0.496875 0.06875 0.2078125