1 0.1828125 0.46171875 0.1046875 0.3125
1 0.37109375 0.4421875 0.08125 0.2640625
1 0.5046875 0.44296875 0.0578125 0.2359375
1 0.61875 0.42890625 0.05 0.209375
1 0.70546875 0.428125 0.04375 0.1875
1 0.78125 0.4234375 0.040625 0.1875
1 0.84375 0.4109375 0.0421875 0.153125
1 0.89609375 0.41328125 0.040625 0.146875
0 0.20703125 0.61484375 0.14375 0.65625
0 0.66796875 0.54140625 0.065625 0.39375
0 0.828125 0.5171875 0.053125 0.30625
0 0.9 0.50078125 0.046875 0.2859375
0 0.96640625 0.46484375 0.0671875 0.3125