0 0.0609375 0.4625 0.121875 0.36875
0 0.28359375 0.4921875 0.128125 0.2765625
0 0.39765625 0.528125 0.1265625 0.2890625
0 0.5796875 0.5640625 0.134375 0.3109375
0 0.73671875 0.634375 0.13125 0.2890625
0 0.7875 0.62890625 0.13125 0.303125
0 0.8609375 0.6875 0.1953125 0.403125
0 0.90859375 0.66796875 0.1515625 0.340625
1 0.225 0.4015625 0.0875 0.1609375
1 0.315625 0.42734375 0.0859375 0.165625
1 0.40390625 0.4546875 0.0875 0.1625
1 0.49609375 0.4796875 0.084375 0.1625
1 0.58828125 0.49453125 0.08125 0.146875
1 0.678125 0.534375 0.08125 0.159375
1 0.77578125 0.553125 0.08125 0.1546875
1 0.8765625 0.57265625 0.0859375 0.146875