0 0.06875 0.4546875 0.1375 0.459375
0 0.2078125 0.4328125 0.15 0.3546875
0 0.3140625 0.4734375 0.1296875 0.321875
0 0.41875 0.50546875 0.1375 0.30625
0 0.88046875 0.60546875 0.1375 0.309375
1 0.2390625 0.3796875 0.096875 0.1796875
1 0.34140625 0.396875 0.096875 0.1859375
1 0.44609375 0.41875 0.0921875 0.18125
1 0.55 0.44375 0.0875 0.1796875
1 0.653125 0.46328125 0.0890625 0.18125
1 0.76640625 0.4875 0.0875 0.18125
1 0.87734375 0.5078125 0.0984375 0.184375
1 0.96796875 0.52890625 0.0640625 0.1921875