1 0.134375 0.453125 0.078125 0.1765625
1 0.2296875 0.46640625 0.078125 0.18125
1 0.328125 0.4796875 0.0828125 0.1921875
1 0.43359375 0.4921875 0.0796875 0.190625
1 0.54609375 0.50390625 0.08125 0.2046875
1 0.66484375 0.515625 0.0890625 0.2078125
1 0.7984375 0.53203125 0.0859375 0.2125
1 0.93359375 0.54921875 0.09375 0.21875
0 0.0796875 0.53359375 0.125 0.328125
0 0.16875 0.55625 0.109375 0.3484375
0 0.28828125 0.56484375 0.1046875 0.3359375
0 0.41953125 0.590625 0.10625 0.4015625
0 0.4921875 0.60859375 0.1359375 0.4296875
0 0.5453125 0.60234375 0.1 0.3546875