0 0.05703125 0.571875 0.1140625 0.41875
0 0.2671875 0.590625 0.1328125 0.4015625
0 0.35859375 0.59140625 0.11875 0.371875
0 0.4796875 0.59375 0.128125 0.378125
0 0.52421875 0.60234375 0.1390625 0.43125
0 0.6203125 0.58125 0.1671875 0.4171875
0 0.7234375 0.60390625 0.128125 0.3671875
0 0.81875 0.615625 0.115625 0.3375
0 0.92734375 0.61640625 0.1296875 0.334375
1 0.08203125 0.45 0.1171875 0.240625
1 0.2375 0.471875 0.109375 0.2265625
1 0.37421875 0.4921875 0.0921875 0.215625
1 0.4953125 0.5 0.0953125 0.2015625
1 0.6015625 0.509375 0.0890625 0.20625
1 0.70625 0.525 0.0734375 0.1875
1 0.79765625 0.53203125 0.0734375 0.1796875
1 0.87890625 0.54296875 0.071875 0.165625