0 0.125 0.48984375 0.1015625 0.28125
0 0.175 0.51640625 0.14375 0.3578125
0 0.32578125 0.540625 0.1234375 0.3609375
0 0.5015625 0.578125 0.1625 0.4671875
0 0.609375 0.59375 0.153125 0.4203125
1 0.19140625 0.43515625 0.065625 0.1625
1 0.26015625 0.44453125 0.0703125 0.165625
1 0.3375 0.45390625 0.071875 0.1671875
1 0.42265625 0.4703125 0.08125 0.1859375
1 0.5203125 0.484375 0.0875 0.1984375
1 0.6375 0.50234375 0.1 0.2171875
1 0.775 0.52734375 0.1046875 0.2421875
1 0.93046875 0.5546875 0.1265625 0.265625