0 0.1078125 0.63359375 0.165625 0.4125
0 0.49609375 0.58046875 0.1203125 0.334375
0 0.6203125 0.55625 0.134375 0.3453125
0 0.72890625 0.5453125 0.125 0.3203125
0 0.84375 0.51796875 0.1265625 0.3265625
0 0.96171875 0.48203125 0.0765625 0.3640625
1 0.1390625 0.5390625 0.103125 0.209375
1 0.25859375 0.5265625 0.0921875 0.1984375
1 0.3734375 0.50859375 0.0796875 0.1890625
1 0.48984375 0.48359375 0.0875 0.190625
1 0.6 0.46640625 0.0828125 0.1734375
1 0.70859375 0.45234375 0.084375 0.175
1 0.8140625 0.434375 0.084375 0.190625
1 0.9140625 0.4203125 0.08125 0.190625