0 0.0890625 0.4875 0.178125 0.4875
0 0.2375 0.5109375 0.2015625 0.4703125
0 0.3796875 0.56953125 0.1671875 0.3765625
0 0.503125 0.60390625 0.153125 0.3609375
0 0.7328125 0.65703125 0.153125 0.3296875
0 0.87421875 0.6875 0.1265625 0.3078125
1 0.12890625 0.39296875 0.1265625 0.2359375
1 0.2734375 0.4265625 0.1140625 0.2296875
1 0.4078125 0.44765625 0.1046875 0.1953125
1 0.521875 0.4921875 0.103125 0.2078125
1 0.63203125 0.52421875 0.0953125 0.1984375
1 0.7390625 0.5515625 0.0921875 0.1953125
1 0.83671875 0.57734375 0.0875 0.1921875
1 0.9234375 0.5984375 0.09375 0.1890625