0 0.05078125 0.52578125 0.1015625 0.4546875
0 0.20078125 0.4796875 0.0984375 0.3484375
0 0.31171875 0.50234375 0.08125 0.31875
0 0.42109375 0.51796875 0.09375 0.3
0 0.8921875 0.54453125 0.0921875 0.3046875
1 0.2234375 0.421875 0.071875 0.171875
1 0.32734375 0.42265625 0.0703125 0.1796875
1 0.434375 0.428125 0.0671875 0.1765625
1 0.540625 0.43671875 0.0625 0.175
1 0.6453125 0.43984375 0.0625 0.1765625
1 0.7609375 0.4453125 0.0625 0.1765625
1 0.8734375 0.4484375 0.071875 0.178125
1 0.97421875 0.45390625 0.0515625 0.1890625