1 0.0875 0.50390625 0.0734375 0.20625
1 0.2296875 0.51640625 0.0703125 0.203125
1 0.35546875 0.51484375 0.065625 0.1953125
1 0.5921875 0.5296875 0.06875 0.1875
1 0.7 0.53515625 0.0625 0.18125
1 0.8015625 0.540625 0.0578125 0.178125
1 0.90390625 0.5453125 0.0625 0.175
0 0.07109375 0.596875 0.1421875 0.425
0 0.1875 0.63984375 0.1203125 0.3703125
0 0.3515625 0.634375 0.0921875 0.346875
0 0.478125 0.61640625 0.103125 0.375
0 0.60859375 0.62109375 0.0984375 0.3765625
0 0.71640625 0.61328125 0.09375 0.378125
0 0.83203125 0.62578125 0.090625 0.3453125
0 0.94765625 0.62578125 0.1046875 0.3421875
1 0.47578125 0.52734375 0.0625 0.2046875