1 0.12421875 0.35390625 0.1078125 0.20625
1 0.253125 0.38046875 0.1015625 0.2
1 0.37109375 0.41171875 0.096875 0.190625
1 0.4796875 0.434375 0.090625 0.184375
1 0.58515625 0.4546875 0.0875 0.175
1 0.69140625 0.471875 0.0875 0.171875
1 0.78203125 0.496875 0.0828125 0.165625
1 0.87265625 0.51484375 0.0828125 0.1609375
0 0.084375 0.425 0.16875 0.428125
0 0.16328125 0.46875 0.1703125 0.3890625
0 0.471875 0.49921875 0.1640625 0.3703125
0 0.69765625 0.54296875 0.153125 0.346875
0 0.91171875 0.590625 0.15625 0.346875