1 0.17109375 0.47109375 0.0859375 0.18125
1 0.278125 0.48984375 0.0828125 0.19375
1 0.3796875 0.509375 0.08125 0.1859375
1 0.48203125 0.5234375 0.0859375 0.1828125
1 0.59453125 0.540625 0.08125 0.19375
1 0.70625 0.56171875 0.078125 0.1953125
1 0.82265625 0.5890625 0.0765625 0.184375
1 0.94140625 0.61171875 0.0765625 0.1859375
0 0.12265625 0.521875 0.1171875 0.365625
0 0.2578125 0.5765625 0.1 0.321875
0 0.2875 0.60234375 0.109375 0.3484375
0 0.3453125 0.5859375 0.1015625 0.321875
0 0.4734375 0.59296875 0.1203125 0.4046875
0 0.4375 0.5984375 0.1 0.3390625
0 0.58046875 0.6078125 0.1203125 0.39375