0 0.17109375 0.5671875 0.0921875 0.378125
0 0.31328125 0.5609375 0.09375 0.4
0 0.56875 0.54453125 0.10625 0.4203125
0 0.8234375 0.5765625 0.096875 0.3828125
0 0.88828125 0.55234375 0.084375 0.4109375
1 0.06484375 0.46640625 0.084375 0.209375
1 0.196875 0.46640625 0.078125 0.2140625
1 0.321875 0.46953125 0.075 0.203125
1 0.44921875 0.4671875 0.0625 0.2125
1 0.57265625 0.46640625 0.065625 0.19375
1 0.70234375 0.46484375 0.0671875 0.2046875
1 0.83203125 0.465625 0.06875 0.2046875
1 0.9546875 0.46484375 0.0609375 0.20625