0 0.14453125 0.53359375 0.0734375 0.2578125
0 0.28984375 0.5421875 0.06875 0.26875
0 0.4078125 0.54296875 0.0765625 0.2796875
0 0.59609375 0.52734375 0.0734375 0.3140625
0 0.76015625 0.55078125 0.0640625 0.284375
0 0.8109375 0.53359375 0.065625 0.2984375
0 0.91171875 0.546875 0.0875 0.3453125
1 0.2078125 0.4703125 0.0578125 0.1609375
1 0.303125 0.47109375 0.059375 0.159375
1 0.40390625 0.4671875 0.0640625 0.1515625
1 0.4890625 0.46875 0.0484375 0.15625
1 0.58828125 0.46484375 0.0578125 0.1484375
1 0.6828125 0.46875 0.0546875 0.159375
1 0.78515625 0.46328125 0.05625 0.15
1 0.89140625 0.46796875 0.06875 0.1625