0 0.08359375 0.6265625 0.128125 0.4
0 0.2359375 0.609375 0.1421875 0.39375
0 0.3796875 0.5859375 0.109375 0.36875
0 0.5125 0.5625 0.1078125 0.3578125
0 0.7203125 0.51953125 0.1109375 0.365625
0 0.8234375 0.515625 0.109375 0.30625
0 0.940625 0.48828125 0.109375 0.3375
1 0.08515625 0.50546875 0.103125 0.234375
1 0.23828125 0.49765625 0.0921875 0.2265625
1 0.365625 0.47421875 0.084375 0.1890625
1 0.48828125 0.46796875 0.0828125 0.203125
1 0.59296875 0.45703125 0.0765625 0.19375
1 0.6984375 0.44609375 0.06875 0.1765625
1 0.790625 0.43359375 0.0625 0.178125
1 0.8734375 0.4265625 0.0609375 0.1734375