0 0.1375 0.46875 0.275 0.571875
0 0.309375 0.53046875 0.23125 0.5
0 0.4375 0.61015625 0.1890625 0.453125
0 0.4875 0.6515625 0.253125 0.5265625
0 0.5734375 0.56484375 0.165625 0.3671875
0 0.7109375 0.5984375 0.18125 0.4203125
0 0.81953125 0.62578125 0.1703125 0.403125
1 0.92265625 0.58203125 0.078125 0.1625
1 0.8515625 0.56015625 0.0890625 0.1765625
1 0.771875 0.53984375 0.0921875 0.1875
1 0.68359375 0.5140625 0.096875 0.1953125
1 0.58125 0.48515625 0.103125 0.2015625
1 0.471875 0.45078125 0.1125 0.2109375
1 0.33828125 0.41796875 0.125 0.2359375
1 0.1765625 0.3734375 0.15625 0.2734375