0 0.21953125 0.61640625 0.1734375 0.4328125
0 0.46640625 0.63125 0.1078125 0.375
0 0.53515625 0.6390625 0.16875 0.43125
0 0.57734375 0.5640625 0.121875 0.3453125
0 0.5015625 0.61484375 0.10625 0.3734375
0 0.7109375 0.53125 0.1203125 0.378125
0 0.8078125 0.5125 0.11875 0.35
1 0.22265625 0.5375 0.0984375 0.1828125
1 0.35234375 0.52421875 0.0828125 0.1921875
1 0.4640625 0.50390625 0.084375 0.1828125
1 0.56875 0.4859375 0.075 0.1796875
1 0.6734375 0.47578125 0.0828125 0.18125
1 0.76015625 0.46328125 0.075 0.175
1 0.84765625 0.45234375 0.0703125 0.16875
1 0.92734375 0.4453125 0.065625 0.159375