1 0.1125 0.3875 0.0921875 0.2046875
1 0.24296875 0.40234375 0.0859375 0.1984375
1 0.36328125 0.42265625 0.0828125 0.1890625
1 0.47421875 0.43671875 0.0765625 0.1828125
1 0.58125 0.446875 0.0734375 0.1734375
1 0.68828125 0.45546875 0.075 0.1703125
1 0.78046875 0.47265625 0.0703125 0.1640625
1 0.871875 0.48203125 0.0703125 0.159375
0 0.0734375 0.46328125 0.146875 0.4265625
0 0.16171875 0.4984375 0.1390625 0.3890625
0 0.471875 0.5015625 0.134375 0.3703125
0 0.70078125 0.52578125 0.125 0.346875
0 0.91796875 0.5546875 0.128125 0.3453125