0 0.06875 0.4484375 0.1375 0.4125
0 0.45390625 0.52421875 0.125 0.3328125
0 0.5796875 0.53125 0.109375 0.33125
0 0.68828125 0.5640625 0.10625 0.3046875
0 0.8078125 0.5703125 0.1078125 0.3234375
0 0.94296875 0.5796875 0.1140625 0.365625
1 0.240625 0.38671875 0.0953125 0.2015625
1 0.36171875 0.41171875 0.0921875 0.2015625
1 0.4765625 0.42109375 0.090625 0.1859375
1 0.5875 0.4515625 0.09375 0.184375
1 0.696875 0.46953125 0.084375 0.18125
1 0.80390625 0.48671875 0.08125 0.1859375
1 0.89453125 0.50546875 0.0796875 0.184375
1 0.1109375 0.36484375 0.1046875 0.2078125