0 0.06171875 0.45 0.1234375 0.3375
0 0.171875 0.47578125 0.140625 0.334375
0 0.23984375 0.47421875 0.1203125 0.303125
0 0.290625 0.4984375 0.13125 0.3203125
0 0.3859375 0.53515625 0.1359375 0.3265625
0 0.428125 0.534375 0.109375 0.29375
0 0.4890625 0.56484375 0.159375 0.4015625
0 0.59609375 0.62578125 0.1359375 0.3359375
0 0.6390625 0.58828125 0.1265625 0.3453125
0 0.74140625 0.65703125 0.175 0.4390625
0 0.86953125 0.65390625 0.1546875 0.375
0 0.915625 0.69140625 0.16875 0.4453125
1 0.21953125 0.39921875 0.075 0.1515625
1 0.3 0.4125 0.0765625 0.1515625
1 0.38046875 0.43984375 0.0859375 0.1625
1 0.4609375 0.4625 0.0890625 0.165625
1 0.553125 0.4859375 0.0890625 0.175
1 0.65546875 0.50625 0.084375 0.171875
1 0.775 0.5328125 0.1046875 0.184375
1 0.8953125 0.56796875 0.1109375 0.20625