0 0.0875 0.54140625 0.11875 0.40625
0 0.478125 0.578125 0.08125 0.33125
0 0.6046875 0.58203125 0.0953125 0.340625
0 0.7125 0.5953125 0.0875 0.3171875
0 0.83046875 0.59453125 0.0890625 0.321875
0 0.96875 0.58984375 0.0625 0.3640625
1 0.1390625 0.45703125 0.0796875 0.203125
1 0.25859375 0.471875 0.0703125 0.19375
1 0.375 0.48046875 0.0578125 0.184375
1 0.49375 0.48203125 0.0671875 0.1859375
1 0.60546875 0.48984375 0.0640625 0.16875
1 0.7140625 0.5 0.0640625 0.1703125
1 0.82109375 0.50703125 0.0625 0.1859375
1 0.921875 0.515625 0.059375 0.1875