0 0.05 0.615625 0.1 0.35625
0 0.1765625 0.60859375 0.1125 0.340625
0 0.309375 0.5984375 0.09375 0.35
0 0.44296875 0.5734375 0.1109375 0.3734375
0 0.5625 0.54375 0.10625 0.41875
0 0.6765625 0.546875 0.1015625 0.3890625
0 0.8125 0.54453125 0.1078125 0.353125
0 0.95625 0.51796875 0.0875 0.3859375
1 0.0828125 0.515625 0.08125 0.196875
1 0.20703125 0.503125 0.0765625 0.2015625
1 0.32734375 0.49375 0.0796875 0.2015625
1 0.44375 0.4859375 0.071875 0.1859375
1 0.5640625 0.4765625 0.0671875 0.184375
1 0.67578125 0.4578125 0.0703125 0.1765625
1 0.79609375 0.4578125 0.071875 0.1765625
1 0.909375 0.44296875 0.0703125 0.2