0 0.1203125 0.63671875 0.11875 0.3359375
0 0.159375 0.65078125 0.178125 0.36875
0 0.26953125 0.61171875 0.1265625 0.309375
0 0.5703125 0.5875 0.13125 0.3609375
0 0.46015625 0.584375 0.13125 0.378125
0 0.41953125 0.5875 0.1015625 0.3015625
0 0.48515625 0.571875 0.1078125 0.3234375
0 0.58125 0.53046875 0.1265625 0.3265625
0 0.684375 0.52421875 0.1203125 0.3171875
0 0.75859375 0.525 0.1171875 0.3078125
0 0.7953125 0.50078125 0.103125 0.2890625
0 0.87890625 0.4734375 0.11875 0.3046875
1 0.1546875 0.54921875 0.0875 0.1875
1 0.265625 0.53046875 0.084375 0.178125
1 0.37265625 0.51171875 0.075 0.171875
1 0.56015625 0.4734375 0.08125 0.165625
1 0.659375 0.45859375 0.071875 0.165625
1 0.7484375 0.4390625 0.0734375 0.1578125
1 0.83671875 0.42578125 0.0703125 0.1578125