0 0.06875 0.58828125 0.134375 0.4546875
1 0.26171875 0.48046875 0.0671875 0.2140625
1 0.115625 0.48203125 0.0859375 0.2171875
1 0.38984375 0.48125 0.0625 0.2046875
1 0.50625 0.4765625 0.0625 0.19375
1 0.6140625 0.4828125 0.0609375 0.1875
1 0.72265625 0.48203125 0.05625 0.1765625
1 0.8171875 0.48203125 0.05 0.1765625
1 0.90625 0.4828125 0.05 0.171875
0 0.51484375 0.58828125 0.08125 0.334375
0 0.7375 0.57890625 0.075 0.30625
0 0.85625 0.5765625 0.0734375 0.296875
0 0.96171875 0.55 0.0765625 0.346875