0 0.08828125 0.5078125 0.14375 0.3703125
0 0.221875 0.53671875 0.1484375 0.35625
0 0.3609375 0.5375 0.1578125 0.4
0 0.72265625 0.60703125 0.1578125 0.36875
0 0.80859375 0.625 0.1328125 0.353125
1 0.92734375 0.56796875 0.084375 0.1828125
1 0.82734375 0.5515625 0.0890625 0.19375
1 0.72734375 0.5296875 0.09375 0.1875
1 0.6140625 0.50390625 0.09375 0.2
1 0.50390625 0.48125 0.0859375 0.203125
1 0.38828125 0.4484375 0.09375 0.190625
1 0.259375 0.43359375 0.1015625 0.1984375
1 0.12890625 0.40390625 0.1171875 0.2265625