0 0.14609375 0.625 0.125 0.2828125
0 0.20234375 0.63203125 0.171875 0.3609375
0 0.3515625 0.60078125 0.153125 0.3625
0 0.5296875 0.57265625 0.2 0.46875
0 0.63515625 0.5484375 0.1859375 0.421875
1 0.18828125 0.55 0.078125 0.1640625
1 0.25625 0.53359375 0.0828125 0.1671875
1 0.33203125 0.51484375 0.084375 0.16875
1 0.4171875 0.5 0.0953125 0.1890625
1 0.51328125 0.478125 0.103125 0.2
1 0.6296875 0.45234375 0.1171875 0.21875
1 0.76640625 0.42734375 0.1234375 0.24375
1 0.92109375 0.396875 0.146875 0.26875