1 0.07890625 0.56328125 0.1578125 0.3046875
1 0.25078125 0.51875 0.1359375 0.253125
1 0.4046875 0.48125 0.121875 0.2515625
1 0.51484375 0.453125 0.1078125 0.225
1 0.62109375 0.421875 0.1109375 0.209375
1 0.71328125 0.3984375 0.09375 0.19375
1 0.78671875 0.38671875 0.0734375 0.1765625
1 0.846875 0.36328125 0.0796875 0.1671875
0 0.440625 0.578125 0.20625 0.459375
0 0.5734375 0.55234375 0.15 0.3765625
0 0.67109375 0.50390625 0.1375 0.353125
0 0.76015625 0.47734375 0.125 0.3390625
0 0.84921875 0.44921875 0.121875 0.315625
0 0.94140625 0.41484375 0.1171875 0.3234375