0 0.16328125 0.53046875 0.1234375 0.3171875
0 0.28203125 0.5046875 0.0859375 0.259375
0 0.39609375 0.5234375 0.109375 0.3703125
0 0.4828125 0.528125 0.1 0.3359375
0 0.56953125 0.4609375 0.09375 0.296875
0 0.68359375 0.47578125 0.09375 0.315625
0 0.7609375 0.48515625 0.09375 0.303125
0 0.809375 0.45234375 0.0859375 0.284375
0 0.909375 0.45078125 0.1234375 0.33125
1 0.1984375 0.440625 0.071875 0.165625
1 0.2921875 0.434375 0.0703125 0.16875
1 0.384375 0.4171875 0.0671875 0.14375
1 0.47890625 0.4109375 0.065625 0.1421875
1 0.5765625 0.4109375 0.071875 0.159375
1 0.67578125 0.396875 0.0640625 0.1515625
1 0.77734375 0.38984375 0.065625 0.1421875
1 0.8734375 0.38828125 0.071875 0.159375