1 0.15390625 0.5859375 0.15625 0.359375
1 0.32265625 0.5421875 0.1046875 0.296875
1 0.44453125 0.515625 0.09375 0.25
1 0.53515625 0.50546875 0.075 0.209375
1 0.60234375 0.48515625 0.0703125 0.1875
1 0.6546875 0.46640625 0.059375 0.15
1 0.7 0.46484375 0.0546875 0.1515625
1 0.73828125 0.453125 0.0484375 0.1359375
0 0.20859375 0.70703125 0.2171875 0.5859375
0 0.41171875 0.66640625 0.18125 0.54375
0 0.6015625 0.5859375 0.125 0.378125
0 0.66171875 0.54921875 0.0953125 0.3609375
0 0.7671875 0.51953125 0.1078125 0.2875
0 0.83203125 0.49765625 0.0984375 0.3015625