1 0.07734375 0.55625 0.1546875 0.303125
1 0.25078125 0.5140625 0.13125 0.253125
1 0.40546875 0.4796875 0.11875 0.2515625
1 0.515625 0.453125 0.1046875 0.2234375
1 0.621875 0.4234375 0.1078125 0.2078125
1 0.71484375 0.40234375 0.090625 0.19375
1 0.78828125 0.39140625 0.0703125 0.1765625
1 0.84921875 0.36953125 0.0765625 0.1671875
0 0.4390625 0.57734375 0.1984375 0.459375
0 0.57265625 0.55390625 0.14375 0.3765625
0 0.67109375 0.50625 0.13125 0.353125
0 0.7609375 0.48203125 0.11875 0.3390625
0 0.85 0.4546875 0.1171875 0.315625
0 0.94296875 0.42265625 0.1140625 0.3234375