0 0.115625 0.5328125 0.078125 0.290625
0 0.2 0.5328125 0.090625 0.315625
0 0.3078125 0.53515625 0.059375 0.3203125
0 0.48984375 0.56171875 0.075 0.315625
0 0.615625 0.5671875 0.0828125 0.353125
0 0.75625 0.5703125 0.103125 0.403125
0 0.884375 0.590625 0.096875 0.340625
1 0.16328125 0.46171875 0.0484375 0.165625
1 0.24296875 0.46171875 0.053125 0.165625
1 0.325 0.46875 0.059375 0.171875
1 0.42109375 0.47109375 0.05 0.1765625
1 0.51953125 0.475 0.0546875 0.18125
1 0.6296875 0.4734375 0.059375 0.1984375
1 0.75390625 0.47421875 0.0625 0.221875
1 0.890625 0.478125 0.0703125 0.2203125