0 0.14296875 0.50859375 0.0734375 0.2578125
0 0.2875 0.528125 0.06875 0.26875
0 0.4046875 0.53671875 0.0765625 0.2796875
0 0.59453125 0.53359375 0.0734375 0.3140625
0 0.75625 0.56953125 0.0640625 0.284375
0 0.8078125 0.55546875 0.065625 0.2984375
0 0.9078125 0.575 0.0875 0.3453125
1 0.2109375 0.45 0.0578125 0.1609375
1 0.30546875 0.45703125 0.059375 0.159375
1 0.40703125 0.4609375 0.0640625 0.1515625
1 0.490625 0.46875 0.0484375 0.15625
1 0.590625 0.47109375 0.0578125 0.1484375
1 0.684375 0.48125 0.0546875 0.159375
1 0.78671875 0.48359375 0.05625 0.15
1 0.8921875 0.49609375 0.06875 0.1625