0 0.04765625 0.57578125 0.0953125 0.3578125
0 0.16796875 0.5796875 0.11875 0.3421875
0 0.3015625 0.58125 0.1 0.35
0 0.43671875 0.56796875 0.1171875 0.375
0 0.55859375 0.54921875 0.1140625 0.4203125
0 0.671875 0.5625 0.1078125 0.390625
0 0.8078125 0.571875 0.1140625 0.3546875
0 0.953125 0.5578125 0.09375 0.3875
1 0.08359375 0.47890625 0.084375 0.196875
1 0.2078125 0.47734375 0.08125 0.203125
1 0.328125 0.478125 0.0828125 0.203125
1 0.4453125 0.48125 0.075 0.1875
1 0.565625 0.48203125 0.0703125 0.184375
1 0.67890625 0.4734375 0.0734375 0.178125
1 0.79921875 0.48359375 0.075 0.178125
1 0.9125 0.47890625 0.075 0.2015625