1 0.1296875 0.44140625 0.159375 0.3265625
1 0.321875 0.44296875 0.1109375 0.215625
1 0.453125 0.4921875 0.1125 0.253125
1 0.56015625 0.5015625 0.090625 0.2171875
1 0.64765625 0.515625 0.0828125 0.2
1 0.725 0.5203125 0.071875 0.178125
1 0.79296875 0.53359375 0.059375 0.1546875
1 0.840625 0.540625 0.0484375 0.146875
0 0.30703125 0.60859375 0.240625 0.5640625
0 0.45859375 0.6625 0.178125 0.521875
0 0.49921875 0.60234375 0.1390625 0.428125
0 0.5921875 0.64765625 0.165625 0.4453125
0 0.7234375 0.60859375 0.1453125 0.3671875
0 0.78515625 0.6046875 0.11875 0.3828125