1 0.18203125 0.47265625 0.115625 0.315625
1 0.36953125 0.446875 0.0890625 0.2671875
1 0.50234375 0.44296875 0.065625 0.2375
1 0.61640625 0.425 0.05625 0.2109375
1 0.703125 0.42109375 0.05 0.1875
1 0.778125 0.41328125 0.046875 0.1875
1 0.840625 0.39921875 0.046875 0.153125
1 0.89296875 0.39921875 0.046875 0.1484375
0 0.2109375 0.625 0.1671875 0.6609375
0 0.66953125 0.53515625 0.078125 0.3953125
0 0.82890625 0.50546875 0.0640625 0.3078125
0 0.9 0.48671875 0.05625 0.2875
0 0.9625 0.4484375 0.075 0.315625