1 0.2390625 0.51015625 0.0546875 0.18125
1 0.3421875 0.5109375 0.059375 0.1859375
1 0.45234375 0.5171875 0.05625 0.1859375
1 0.5609375 0.503125 0.0625 0.1515625
1 0.67578125 0.52265625 0.0578125 0.1875
1 0.7890625 0.525 0.0625 0.1875
1 0.90625 0.52421875 0.0671875 0.190625
1 0.13203125 0.50859375 0.06875 0.1765625
0 0.08515625 0.6 0.084375 0.3078125
0 0.15234375 0.6234375 0.103125 0.3671875
0 0.3109375 0.6046875 0.0796875 0.3234375
0 0.55546875 0.6078125 0.1 0.3375
0 0.884375 0.6265625 0.1109375 0.4046875