0 0.17734375 0.5765625 0.1578125 0.64375
0 0.39375 0.528125 0.1296875 0.559375
0 0.65078125 0.51953125 0.08125 0.3953125
0 0.73984375 0.5078125 0.0734375 0.3484375
0 0.87421875 0.4921875 0.0625 0.2921875
1 0.16171875 0.40234375 0.115625 0.3546875
1 0.35390625 0.4 0.0890625 0.284375
1 0.49140625 0.40703125 0.0703125 0.2421875
1 0.5953125 0.41015625 0.0640625 0.2140625
1 0.6890625 0.40625 0.046875 0.19375
1 0.7609375 0.409375 0.05625 0.1734375
1 0.81875 0.4078125 0.046875 0.165625
1 0.875 0.39609375 0.0390625 0.134375