0 0.2203125 0.50625 0.0625 0.246875
0 0.3078125 0.50234375 0.0640625 0.2578125
0 0.47890625 0.5171875 0.059375 0.2375
0 0.5765625 0.5015625 0.0640625 0.2609375
0 0.7375 0.50859375 0.0546875 0.240625
0 0.834375 0.50859375 0.053125 0.2484375
1 0.24453125 0.44609375 0.04375 0.1390625
1 0.328125 0.45078125 0.04375 0.1359375
1 0.40703125 0.45234375 0.0421875 0.13125
1 0.490625 0.453125 0.0390625 0.13125
1 0.57109375 0.44921875 0.046875 0.1359375
1 0.6515625 0.4515625 0.0390625 0.1234375
1 0.8140625 0.45390625 0.0453125 0.128125