0 0.2234375 0.4578125 0.0953125 0.2515625
0 0.31015625 0.46953125 0.0984375 0.2625
0 0.4765625 0.5140625 0.090625 0.2421875
0 0.575 0.51484375 0.1 0.265625
0 0.7328125 0.54921875 0.0875 0.2453125
0 0.828125 0.56640625 0.0859375 0.2515625
1 0.2578125 0.40234375 0.0625 0.14375
1 0.3390625 0.421875 0.0609375 0.140625
1 0.41640625 0.43671875 0.059375 0.1359375
1 0.49921875 0.45234375 0.0578125 0.1359375
1 0.57890625 0.4625 0.065625 0.140625
1 0.6578125 0.478125 0.05625 0.128125
1 0.8171875 0.509375 0.0625 0.1328125