0 0.75859375 0.70234375 0.1953125 0.5953125
0 0.73671875 0.56328125 0.075 0.2375
0 0.69609375 0.5625 0.10625 0.3078125
0 0.6328125 0.5640625 0.1140625 0.3453125
0 0.57578125 0.57109375 0.1125 0.3671875
0 0.48984375 0.646875 0.2203125 0.70625
0 0.2140625 0.58671875 0.221875 0.6015625
0 0.3375 0.65546875 0.2609375 0.6546875
1 0.17734375 0.4609375 0.10625 0.2796875
1 0.44453125 0.48359375 0.08125 0.209375
1 0.58671875 0.49296875 0.0734375 0.184375
1 0.640625 0.4984375 0.0734375 0.1671875
1 0.70078125 0.50078125 0.065625 0.140625
1 0.334375 0.47890625 0.1171875 0.2765625