1 0.1125 0.4 0.0703125 0.209375
1 0.24765625 0.4015625 0.065625 0.203125
1 0.37578125 0.40234375 0.0625 0.1859375
1 0.48984375 0.40234375 0.0578125 0.1875
1 0.5953125 0.39921875 0.053125 0.1734375
1 0.69921875 0.4 0.04375 0.1609375
1 0.79296875 0.396875 0.05 0.1625
0 0.08671875 0.50234375 0.08125 0.390625
0 0.68359375 0.4828125 0.0734375 0.3390625
0 0.921875 0.46640625 0.046875 0.3015625
0 0.8640625 0.47734375 0.103125 0.4328125
0 0.21328125 0.49453125 0.096875 0.45
0 0.25546875 0.4890625 0.075 0.3765625