1 0.1 0.48984375 0.109375 0.2171875
1 0.23203125 0.4609375 0.103125 0.2109375
1 0.35703125 0.4328125 0.096875 0.1921875
1 0.46796875 0.40703125 0.090625 0.19375
1 0.5703125 0.38046875 0.084375 0.1796875
1 0.671875 0.3578125 0.0734375 0.165625
1 0.7625 0.3328125 0.0796875 0.1671875
0 0.09765625 0.5953125 0.153125 0.396875
0 0.675 0.4421875 0.1375 0.3453125
0 0.903125 0.37265625 0.103125 0.303125
0 0.84921875 0.39609375 0.1828125 0.440625
0 0.21953125 0.55859375 0.1796875 0.4578125
0 0.259375 0.54375 0.1453125 0.38125