1 0.7484375 0.603125 0.065625 0.1421875
1 0.68046875 0.58359375 0.059375 0.1453125
1 0.609375 0.5671875 0.065625 0.1546875
1 0.52734375 0.5453125 0.0765625 0.1609375
1 0.440625 0.52734375 0.08125 0.165625
1 0.340625 0.50078125 0.0875 0.1765625
1 0.23359375 0.46796875 0.090625 0.178125
1 0.103125 0.44609375 0.0875 0.2015625
0 0.07109375 0.52890625 0.1421875 0.4015625
0 0.546875 0.62265625 0.134375 0.3203125
0 0.6953125 0.65 0.10625 0.278125
0 0.76328125 0.66484375 0.0984375 0.2671875
0 0.2078125 0.55234375 0.1578125 0.3796875
0 0.4328125 0.61015625 0.121875 0.3109375