1 0.75703125 0.58125 0.0546875 0.140625
1 0.68671875 0.56796875 0.0484375 0.14375
1 0.61484375 0.55703125 0.053125 0.153125
1 0.53125 0.54296875 0.0625 0.159375
1 0.44296875 0.53203125 0.06875 0.1640625
1 0.34140625 0.5140625 0.0734375 0.175
1 0.23203125 0.49140625 0.0765625 0.1765625
1 0.1 0.48046875 0.0703125 0.2015625
0 0.06484375 0.56796875 0.1296875 0.3984375
0 0.55703125 0.61796875 0.109375 0.31875
0 0.7078125 0.6328125 0.084375 0.278125
0 0.7765625 0.640625 0.0765625 0.2671875
0 0.21328125 0.57734375 0.1265625 0.378125
0 0.4421875 0.615625 0.096875 0.309375