0 0.07734375 0.4890625 0.1546875 0.440625
0 0.24140625 0.49765625 0.1578125 0.4265625
0 0.5078125 0.54609375 0.1453125 0.3609375
0 0.80625 0.5640625 0.115625 0.31875
0 0.9125 0.57421875 0.1265625 0.3125
1 0.86796875 0.50234375 0.0671875 0.16875
1 0.78515625 0.4890625 0.0703125 0.1625
1 0.7 0.4765625 0.075 0.18125
1 0.60390625 0.46015625 0.08125 0.18125
1 0.5046875 0.4453125 0.0859375 0.1984375
1 0.390625 0.42734375 0.0921875 0.20625
1 0.25859375 0.40390625 0.1078125 0.221875
1 0.1078125 0.375 0.115625 0.2234375