0 0.08125 0.47421875 0.1625 0.4421875
0 0.2421875 0.4890625 0.1703125 0.4265625
0 0.50625 0.546875 0.1578125 0.3625
0 0.80390625 0.575 0.1265625 0.3203125
0 0.909375 0.58828125 0.1359375 0.3140625
1 0.86796875 0.51484375 0.0734375 0.16875
1 0.78515625 0.49921875 0.075 0.1625
1 0.70078125 0.48359375 0.08125 0.18125
1 0.6046875 0.4640625 0.0875 0.1828125
1 0.50625 0.4453125 0.0921875 0.1984375
1 0.39296875 0.4234375 0.0984375 0.20625
1 0.2625 0.39609375 0.1140625 0.2234375
1 0.1125 0.36171875 0.1234375 0.225