0 0.36953125 0.58828125 0.190625 0.5
0 0.60859375 0.5375 0.115625 0.3984375
0 0.70234375 0.51640625 0.09375 0.3953125
0 0.78984375 0.5171875 0.0828125 0.3234375
0 0.9109375 0.4984375 0.075 0.26875
1 0.8625 0.4265625 0.0546875 0.153125
1 0.14375 0.503125 0.115625 0.275
1 0.3015625 0.48984375 0.0765625 0.2421875
1 0.4421875 0.47109375 0.0796875 0.2234375
1 0.553125 0.4640625 0.06875 0.2
1 0.646875 0.446875 0.0640625 0.1796875
1 0.7328125 0.44140625 0.053125 0.1734375
1 0.803125 0.43515625 0.0453125 0.1578125