1 0.07734375 0.596875 0.1109375 0.2203125
1 0.22421875 0.56328125 0.1015625 0.2046875
1 0.34609375 0.5296875 0.0984375 0.2
1 0.4609375 0.503125 0.090625 0.1859375
1 0.56328125 0.4796875 0.0796875 0.1828125
1 0.67109375 0.453125 0.0859375 0.1796875
1 0.76640625 0.42890625 0.075 0.1671875
1 0.859375 0.40703125 0.0828125 0.16875
0 0.21640625 0.67109375 0.153125 0.36875
0 0.340625 0.640625 0.1484375 0.35625
0 0.4484375 0.6125 0.1296875 0.3296875
0 0.52578125 0.59609375 0.146875 0.35
0 0.6109375 0.54765625 0.1515625 0.378125
0 0.74375 0.50546875 0.1546875 0.378125
0 0.82578125 0.49296875 0.140625 0.3390625
0 0.928125 0.44765625 0.14375 0.3671875