0 0.80234375 0.68828125 0.2453125 0.6234375
0 0.4421875 0.60859375 0.19375 0.58125
0 0.3203125 0.56953125 0.14375 0.465625
0 0.0359375 0.4609375 0.071875 0.30625
0 0.08984375 0.4890625 0.1046875 0.315625
0 0.23671875 0.5484375 0.109375 0.3609375
0 0.22734375 0.51328125 0.134375 0.4140625
1 0.0953125 0.39765625 0.06875 0.1640625
1 0.15859375 0.41484375 0.0734375 0.184375
1 0.3109375 0.4453125 0.0734375 0.18125
1 0.22578125 0.42734375 0.0609375 0.1703125
1 0.4015625 0.4734375 0.0796875 0.2171875
1 0.5296875 0.5109375 0.0953125 0.2515625
1 0.66796875 0.546875 0.1296875 0.28125
1 0.85078125 0.6109375 0.1625 0.35625