0 0.3484375 0.54375 0.2390625 0.50625
0 0.59140625 0.56875 0.1546875 0.4
0 0.68671875 0.578125 0.1328125 0.3953125
0 0.7703125 0.60625 0.115625 0.3234375
0 0.89140625 0.62578125 0.1015625 0.2703125
1 0.8671875 0.5421875 0.06875 0.1546875
1 0.16015625 0.39296875 0.1421875 0.2796875
1 0.31484375 0.4296875 0.1 0.24375
1 0.45390625 0.45390625 0.1015625 0.225
1 0.56171875 0.48203125 0.0875 0.2015625
1 0.65625 0.49453125 0.08125 0.18125
1 0.7390625 0.51640625 0.0703125 0.1734375
1 0.80859375 0.53203125 0.0609375 0.1578125