0 0.0921875 0.56953125 0.1609375 0.36875
0 0.20703125 0.525 0.1734375 0.4015625
0 0.53984375 0.45390625 0.15625 0.353125
0 0.63984375 0.4359375 0.1859375 0.41875
0 0.71484375 0.4171875 0.153125 0.3921875
0 0.88984375 0.35390625 0.1515625 0.3578125
1 0.84609375 0.30625 0.0890625 0.171875
1 0.75 0.32890625 0.0875 0.178125
1 0.54296875 0.37578125 0.09375 0.1875
1 0.4375 0.40703125 0.096875 0.1875
1 0.328125 0.4296875 0.096875 0.1921875
1 0.2171875 0.4484375 0.096875 0.196875
1 0.08203125 0.47734375 0.1140625 0.2
1 0.64765625 0.35078125 0.0921875 0.1796875