1 0.18828125 0.43828125 0.0796875 0.2046875
1 0.3203125 0.4453125 0.0765625 0.196875
1 0.4359375 0.4609375 0.075 0.1875
1 0.54296875 0.478125 0.0671875 0.1875
1 0.646875 0.48828125 0.0609375 0.1703125
1 0.746875 0.496875 0.0609375 0.1671875
1 0.928125 0.52265625 0.05625 0.1703125
0 0.128125 0.53828125 0.1015625 0.378125
0 0.73984375 0.58046875 0.146875 0.3390625
0 0.82421875 0.57421875 0.1078125 0.3921875
0 0.87890625 0.59140625 0.0765625 0.296875
0 0.4234375 0.54921875 0.0953125 0.378125
0 0.2703125 0.55 0.13125 0.4390625
0 0.309375 0.54921875 0.0921875 0.3890625