1 0.06796875 0.53671875 0.084375 0.215625
1 0.21796875 0.525 0.075 0.2
1 0.34296875 0.50859375 0.0734375 0.196875
1 0.4609375 0.49765625 0.0671875 0.1828125
1 0.565625 0.4890625 0.05625 0.18125
1 0.67578125 0.47734375 0.0625 0.1765625
1 0.77421875 0.46640625 0.053125 0.165625
1 0.86875 0.45859375 0.0609375 0.165625
0 0.1953125 0.63046875 0.1046875 0.3671875
0 0.32265625 0.6171875 0.1015625 0.353125
0 0.4328125 0.60390625 0.0859375 0.328125
0 0.5125 0.5984375 0.1015625 0.346875
0 0.603125 0.5625 0.1015625 0.3765625
0 0.740625 0.5390625 0.1046875 0.3765625
0 0.8234375 0.53828125 0.096875 0.3375
0 0.9375 0.509375 0.1078125 0.3640625