0 0.84140625 0.6484375 0.1765625 0.6734375
0 0.46640625 0.61796875 0.1359375 0.5765625
0 0.3390625 0.60546875 0.096875 0.4625
0 0.0296875 0.56015625 0.059375 0.3046875
0 0.09609375 0.57421875 0.071875 0.3140625
0 0.25234375 0.60234375 0.071875 0.359375
0 0.2359375 0.56953125 0.09375 0.4125
1 0.0828125 0.484375 0.053125 0.1609375
1 0.1484375 0.48828125 0.0546875 0.18125
1 0.30390625 0.4859375 0.05625 0.178125
1 0.2171875 0.4859375 0.04375 0.16875
1 0.39765625 0.49453125 0.0578125 0.2140625
1 0.53125 0.5046875 0.0703125 0.2484375
1 0.67421875 0.5109375 0.103125 0.275
1 0.86640625 0.5359375 0.128125 0.3484375