0 0.0890625 0.4546875 0.0890625 0.3625
0 0.2109375 0.44296875 0.09375 0.396875
0 0.5515625 0.46640625 0.0875 0.346875
0 0.6515625 0.47734375 0.103125 0.4109375
0 0.72890625 0.4796875 0.0734375 0.390625
0 0.915625 0.4671875 0.08125 0.353125
1 0.8859375 0.409375 0.0578125 0.165625
1 0.78671875 0.4046875 0.053125 0.171875
1 0.57578125 0.3921875 0.0578125 0.1828125
1 0.465625 0.39296875 0.0609375 0.18125
1 0.35390625 0.384375 0.0609375 0.1859375
1 0.24296875 0.371875 0.059375 0.190625
1 0.1046875 0.3625 0.078125 0.190625
1 0.68359375 0.396875 0.0578125 0.175