0 0.0609375 0.46328125 0.121875 0.4140625
0 0.4328125 0.5234375 0.075 0.3234375
0 0.50078125 0.53359375 0.084375 0.353125
0 0.7375 0.5234375 0.1140625 0.41875
0 0.8734375 0.5375 0.090625 0.3953125
1 0.11015625 0.3890625 0.08125 0.203125
1 0.2390625 0.4015625 0.078125 0.1984375
1 0.3609375 0.41640625 0.071875 0.19375
1 0.47734375 0.42421875 0.0765625 0.2
1 0.5984375 0.4375 0.071875 0.1921875
1 0.725 0.440625 0.0734375 0.1921875
1 0.8453125 0.4515625 0.075 0.1875
1 0.9625 0.4625 0.071875 0.1921875