0 0.06875 0.42421875 0.1375 0.3796875
0 0.209375 0.46796875 0.1609375 0.3703125
0 0.38515625 0.52578125 0.1171875 0.315625
0 0.44921875 0.5375 0.1265625 0.3359375
0 0.54765625 0.5296875 0.1453125 0.371875
0 0.88125 0.62109375 0.115625 0.3125
1 0.1234375 0.371875 0.075 0.1921875
1 0.2265625 0.39296875 0.0875 0.18125
1 0.3375 0.41875 0.0859375 0.1828125
1 0.4484375 0.44140625 0.0859375 0.184375
1 0.66484375 0.48046875 0.078125 0.1796875
1 0.76640625 0.503125 0.0796875 0.1765625
1 0.88046875 0.52265625 0.084375 0.178125
1 0.55703125 0.4546875 0.084375 0.171875