0 0.053125 0.51875 0.10625 0.371875
0 0.20859375 0.52890625 0.1125 0.3609375
0 0.39296875 0.54921875 0.075 0.3109375
0 0.4578125 0.54765625 0.08125 0.3296875
0 0.553125 0.51953125 0.0953125 0.365625
0 0.8984375 0.5390625 0.075 0.3078125
1 0.10546875 0.453125 0.05 0.1875
1 0.2109375 0.45234375 0.0640625 0.175
1 0.32421875 0.4546875 0.0625 0.178125
1 0.4375 0.45390625 0.0609375 0.1796875
1 0.6578125 0.446875 0.0546875 0.175
1 0.76171875 0.44765625 0.0578125 0.171875
1 0.87734375 0.44296875 0.0609375 0.1734375
1 0.546875 0.44375 0.0625 0.1671875