0 0.2484375 0.6140625 0.2046875 0.471875
0 0.47890625 0.58671875 0.1328125 0.3625
0 0.55546875 0.58125 0.1296875 0.38125
0 0.7703125 0.5109375 0.1625 0.3921875
0 0.89453125 0.48984375 0.15 0.3921875
1 0.06875 0.5421875 0.1140625 0.2359375
1 0.2203125 0.51171875 0.1140625 0.225
1 0.4890625 0.471875 0.0921875 0.1984375
1 0.36328125 0.49453125 0.096875 0.2125
1 0.60859375 0.45859375 0.0859375 0.203125
1 0.71875 0.43828125 0.084375 0.203125
1 0.82890625 0.41875 0.0796875 0.196875
1 0.928125 0.4046875 0.0703125 0.1859375