1 0.646875 0.38359375 0.0625 0.1765625
1 0.1515625 0.4 0.078125 0.2203125
1 0.29296875 0.39921875 0.0765625 0.215625
1 0.421875 0.39609375 0.0703125 0.203125
1 0.5390625 0.38671875 0.065625 0.1875
1 0.75546875 0.3765625 0.053125 0.171875
1 0.853125 0.371875 0.0609375 0.175
1 0.94375 0.371875 0.059375 0.175
0 0.79140625 0.46015625 0.0796875 0.3484375
0 0.30859375 0.49140625 0.08125 0.3984375
0 0.12421875 0.5 0.1125 0.3953125
0 0.42734375 0.47734375 0.090625 0.4
0 0.55625 0.47265625 0.090625 0.353125
0 0.8765625 0.45078125 0.103125 0.43125
0 0.25 0.50078125 0.1140625 0.4984375