1 0.09296875 0.46796875 0.0828125 0.2125
1 0.234375 0.45859375 0.078125 0.21875
1 0.3546875 0.44296875 0.0765625 0.1921875
1 0.46875 0.42890625 0.065625 0.18125
1 0.57734375 0.415625 0.05625 0.1734375
1 0.6703125 0.4078125 0.0703125 0.1796875
1 0.7609375 0.38125 0.0578125 0.153125
1 0.85234375 0.384375 0.0578125 0.171875
0 0.075 0.5734375 0.109375 0.3828125
0 0.20546875 0.5484375 0.125 0.4515625
0 0.54609375 0.52265625 0.134375 0.378125
0 0.8140625 0.47890625 0.11875 0.4375
0 0.88671875 0.45078125 0.08125 0.3046875
0 0.7 0.4828125 0.10625 0.325