0 0.22890625 0.55 0.159375 0.4640625
0 0.45859375 0.5796875 0.096875 0.359375
0 0.534375 0.5921875 0.090625 0.3796875
0 0.759375 0.57578125 0.1234375 0.3875
0 0.8859375 0.5859375 0.1109375 0.3875
1 0.07109375 0.43671875 0.090625 0.23125
1 0.22578125 0.44375 0.0921875 0.2203125
1 0.49609375 0.4703125 0.071875 0.19375
1 0.36875 0.46171875 0.0765625 0.209375
1 0.615625 0.4859375 0.0671875 0.2
1 0.7265625 0.49296875 0.0640625 0.2
1 0.8390625 0.50078125 0.0609375 0.1953125
1 0.93828125 0.5109375 0.053125 0.184375