1 0.66015625 0.40234375 0.065625 0.178125
1 0.16640625 0.35859375 0.08125 0.2203125
1 0.30703125 0.37421875 0.0796875 0.2171875
1 0.43515625 0.3875 0.0734375 0.2046875
1 0.553125 0.3921875 0.06875 0.1875
1 0.76875 0.40859375 0.05625 0.1734375
1 0.86640625 0.415625 0.0640625 0.1765625
1 0.95625 0.42734375 0.0625 0.175
0 0.79375 0.49609375 0.084375 0.35
0 0.3109375 0.46796875 0.0890625 0.3984375
0 0.12734375 0.4546875 0.11875 0.3953125
0 0.43125 0.46875 0.0984375 0.4
0 0.559375 0.4796875 0.096875 0.353125
0 0.8796875 0.496875 0.1109375 0.43125
0 0.2515625 0.4703125 0.121875 0.4984375