1 0.1046875 0.39765625 0.0765625 0.2109375
1 0.2453125 0.41328125 0.0703125 0.2171875
1 0.3671875 0.41875 0.0703125 0.190625
1 0.48203125 0.42421875 0.059375 0.1796875
1 0.590625 0.43046875 0.0515625 0.171875
1 0.68359375 0.43828125 0.0640625 0.1796875
1 0.77734375 0.42890625 0.053125 0.153125
1 0.8671875 0.44765625 0.0515625 0.1703125
0 0.06875 0.4984375 0.0953125 0.3828125
0 0.2015625 0.49609375 0.109375 0.45
0 0.54140625 0.53046875 0.121875 0.375
0 0.81328125 0.53359375 0.1046875 0.4375
0 0.88984375 0.51875 0.0703125 0.303125
0 0.7 0.51796875 0.0953125 0.3234375