1 0.19609375 0.37265625 0.0859375 0.184375
1 0.30546875 0.38984375 0.090625 0.1890625
1 0.41484375 0.40859375 0.0734375 0.16875
1 0.5140625 0.42734375 0.075 0.16875
1 0.61640625 0.44296875 0.0609375 0.1640625
1 0.7 0.4609375 0.053125 0.159375
1 0.796875 0.4765625 0.0640625 0.1515625
1 0.90078125 0.49296875 0.05 0.1578125
0 0.109375 0.4765625 0.1671875 0.4453125
0 0.2734375 0.5390625 0.2078125 0.56875
0 0.56953125 0.528125 0.10625 0.3171875
0 0.7140625 0.53203125 0.103125 0.29375
0 0.81171875 0.55078125 0.1015625 0.2953125
0 0.859375 0.55234375 0.096875 0.321875