1 0.13359375 0.51796875 0.0578125 0.15625
1 0.209375 0.5125 0.0546875 0.1640625
1 0.29609375 0.509375 0.0578125 0.1734375
1 0.3875 0.50390625 0.0703125 0.1828125
1 0.4859375 0.49921875 0.075 0.190625
1 0.61328125 0.490625 0.059375 0.2015625
1 0.7328125 0.48046875 0.084375 0.2234375
1 0.88125 0.47578125 0.090625 0.2296875
0 0.075 0.61015625 0.109375 0.371875
0 0.1609375 0.58984375 0.0859375 0.309375
0 0.25078125 0.58359375 0.09375 0.3484375
0 0.35 0.57578125 0.1015625 0.3640625
0 0.46484375 0.5953125 0.09375 0.3484375
0 0.5859375 0.575 0.10625 0.396875
0 0.72109375 0.57421875 0.1265625 0.4328125