0 0.09453125 0.5984375 0.1328125 0.325
0 0.40234375 0.55859375 0.13125 0.3375
0 0.50859375 0.5484375 0.1265625 0.3359375
0 0.628125 0.51875 0.1390625 0.3671875
0 0.76796875 0.5015625 0.153125 0.3890625
0 0.90390625 0.48671875 0.146875 0.375
1 0.134375 0.5234375 0.078125 0.1625
1 0.22265625 0.51171875 0.078125 0.1703125
1 0.3125 0.49609375 0.078125 0.16875
1 0.40625 0.4765625 0.0921875 0.1765625
1 0.51015625 0.45859375 0.084375 0.178125
1 0.62109375 0.43671875 0.0953125 0.2015625
1 0.74609375 0.4140625 0.096875 0.203125
1 0.87265625 0.39296875 0.096875 0.1921875