1 0.1421875 0.58125 0.0828125 0.159375
1 0.21640625 0.56328125 0.08125 0.1671875
1 0.30078125 0.54453125 0.0859375 0.175
1 0.38984375 0.5234375 0.1 0.1859375
1 0.4859375 0.5015625 0.1046875 0.1953125
1 0.609375 0.47109375 0.0921875 0.203125
1 0.72578125 0.440625 0.1203125 0.228125
1 0.87109375 0.41015625 0.128125 0.2359375
0 0.10078125 0.68203125 0.1703125 0.3734375
0 0.18203125 0.64765625 0.1375 0.3109375
0 0.26953125 0.62578125 0.1515625 0.35
0 0.365625 0.60078125 0.1609375 0.3640625
0 0.48203125 0.6 0.1515625 0.35
0 0.59765625 0.55859375 0.171875 0.396875
0 0.73046875 0.534375 0.196875 0.434375