0 0.08359375 0.5265625 0.0796875 0.31875
0 0.39375 0.540625 0.0765625 0.33125
0 0.5 0.54921875 0.071875 0.33125
0 0.62265625 0.540625 0.078125 0.3625
0 0.76328125 0.54765625 0.0890625 0.38125
0 0.9 0.55703125 0.084375 0.3671875
1 0.1359375 0.459375 0.053125 0.15625
1 0.225 0.46328125 0.05 0.165625
1 0.315625 0.46328125 0.0515625 0.1640625
1 0.41171875 0.4609375 0.0640625 0.1703125
1 0.5171875 0.4609375 0.05625 0.1734375
1 0.63046875 0.45859375 0.0625 0.1953125
1 0.75703125 0.4578125 0.0640625 0.1953125
1 0.88515625 0.45859375 0.065625 0.1859375