1 0.175 0.45 0.0671875 0.18125
1 0.284375 0.43984375 0.0734375 0.1859375
1 0.3953125 0.43203125 0.05625 0.1671875
1 0.49609375 0.42578125 0.0578125 0.165625
1 0.59921875 0.41640625 0.0453125 0.1625
1 0.684375 0.41328125 0.0375 0.1578125
1 0.78203125 0.4046875 0.0484375 0.15
1 0.8875 0.39609375 0.034375 0.15625
0 0.11484375 0.571875 0.1234375 0.440625
0 0.28984375 0.59296875 0.1515625 0.5640625
0 0.57421875 0.51015625 0.0734375 0.315625
0 0.715625 0.4796875 0.0734375 0.2921875
0 0.81484375 0.47421875 0.071875 0.29375
0 0.86171875 0.4640625 0.0640625 0.321875