0 0.22421875 0.5515625 0.15 0.3671875
0 0.446875 0.5109375 0.1296875 0.353125
0 0.66484375 0.48359375 0.109375 0.325
0 0.77734375 0.4703125 0.115625 0.3140625
0 0.8484375 0.4515625 0.1140625 0.334375
1 0.0890625 0.4921875 0.090625 0.1953125
1 0.2078125 0.47109375 0.09375 0.196875
1 0.32734375 0.45703125 0.08125 0.1859375
1 0.434375 0.44140625 0.08125 0.171875
1 0.54296875 0.42578125 0.071875 0.1703125
1 0.64609375 0.40390625 0.078125 0.1640625
1 0.75 0.3890625 0.0828125 0.1640625
1 0.8359375 0.36953125 0.0796875 0.165625