0 0.20234375 0.44765625 0.15 0.38125
0 0.43359375 0.4640625 0.109375 0.365625
0 0.66171875 0.4984375 0.1 0.325
0 0.77734375 0.51953125 0.109375 0.3453125
0 0.88359375 0.52109375 0.1265625 0.3828125
1 0.09375 0.359375 0.078125 0.1859375
1 0.2140625 0.36796875 0.0765625 0.1859375
1 0.3359375 0.38359375 0.0703125 0.1828125
1 0.446875 0.39140625 0.0703125 0.178125
1 0.55390625 0.40703125 0.0625 0.1765625
1 0.65 0.41640625 0.0484375 0.1671875
1 0.75703125 0.4265625 0.0609375 0.16875
1 0.8515625 0.434375 0.065625 0.1671875