0 0.22421875 0.44921875 0.16875 0.36875
0 0.446875 0.49140625 0.1453125 0.3546875
0 0.66015625 0.54375 0.1265625 0.325
0 0.76953125 0.571875 0.13125 0.315625
0 0.84296875 0.57890625 0.13125 0.334375
1 0.11875 0.3453125 0.1 0.196875
1 0.2375 0.36796875 0.103125 0.1984375
1 0.35390625 0.39765625 0.090625 0.1859375
1 0.46015625 0.421875 0.0890625 0.1734375
1 0.56640625 0.44609375 0.0796875 0.171875
1 0.67109375 0.4625 0.0859375 0.165625
1 0.77265625 0.4859375 0.090625 0.165625
1 0.8609375 0.4984375 0.0875 0.1671875