0 0.2015625 0.45234375 0.14375 0.3796875
0 0.4328125 0.465625 0.103125 0.3640625
0 0.66171875 0.4953125 0.09375 0.325
0 0.778125 0.51484375 0.1046875 0.3453125
0 0.88359375 0.5140625 0.1203125 0.38125
1 0.09140625 0.36640625 0.075 0.1859375
1 0.21171875 0.3734375 0.0734375 0.184375
1 0.334375 0.38671875 0.0671875 0.1828125
1 0.44453125 0.3921875 0.0671875 0.178125
1 0.55234375 0.40546875 0.059375 0.175
1 0.6484375 0.4140625 0.0453125 0.165625
1 0.75625 0.42265625 0.0578125 0.1671875
1 0.85078125 0.428125 0.0625 0.1671875