1 0.18671875 0.45234375 0.0484375 0.1421875
1 0.3515625 0.4546875 0.05625 0.1609375
1 0.43828125 0.45390625 0.0578125 0.1609375
0 0.14921875 0.5203125 0.0640625 0.2609375
0 0.228125 0.5296875 0.05625 0.25625
0 0.2828125 0.52578125 0.075 0.365625
0 0.32265625 0.50703125 0.0484375 0.278125
0 0.42421875 0.521875 0.0734375 0.3171875
0 0.51796875 0.525 0.075 0.3453125
0 0.628125 0.52578125 0.0953125 0.3671875
0 0.75234375 0.5359375 0.0859375 0.353125
0 0.9359375 0.59765625 0.10625 0.4015625
0 0.9 0.53125 0.0875 0.384375
1 0.528125 0.45390625 0.0703125 0.175
1 0.6390625 0.45625 0.06875 0.175
1 0.26328125 0.4515625 0.059375 0.153125
1 0.75546875 0.45390625 0.0765625 0.1875
1 0.88671875 0.45 0.078125 0.19375