0 0.8921875 0.61171875 0.1265625 0.4078125
0 0.1328125 0.48359375 0.1 0.384375
0 0.19375 0.46875 0.0984375 0.340625
0 0.2484375 0.45234375 0.0765625 0.2953125
0 0.278125 0.47890625 0.0703125 0.2953125
0 0.321875 0.56875 0.109375 0.3546875
0 0.36015625 0.3984375 0.0578125 0.1109375
0 0.4390625 0.50703125 0.103125 0.3640625
0 0.51875 0.5453125 0.096875 0.3609375
0 0.5796875 0.57734375 0.115625 0.4015625
0 0.63515625 0.55390625 0.109375 0.3578125
0 0.7375 0.5828125 0.115625 0.384375
1 0.89140625 0.45703125 0.0515625 0.0703125
1 0.2453125 0.403125 0.0515625 0.14375
1 0.31171875 0.4171875 0.0578125 0.15
1 0.38515625 0.42890625 0.0578125 0.1671875
1 0.46640625 0.44375 0.05625 0.1484375
1 0.55234375 0.45546875 0.0625 0.15
1 0.65 0.484375 0.0765625 0.18125
1 0.7640625 0.50390625 0.0890625 0.2