0 0.10703125 0.48203125 0.0390625 0.1890625
0 0.1390625 0.57734375 0.0515625 0.278125
0 0.225 0.5703125 0.059375 0.3890625
0 0.26484375 0.53359375 0.0515625 0.3109375
0 0.32265625 0.55703125 0.0578125 0.33125
0 0.359375 0.54921875 0.0484375 0.2796875
0 0.41328125 0.59453125 0.0640625 0.4921875
0 0.4609375 0.54609375 0.040625 0.2921875
0 0.57890625 0.57890625 0.05625 0.3890625
0 0.66328125 0.55546875 0.0671875 0.30625
0 0.76796875 0.56171875 0.0625 0.309375
0 0.82109375 0.58671875 0.0515625 0.359375
0 0.88125 0.56796875 0.0625 0.3125
0 0.97578125 0.57578125 0.0484375 0.3140625
1 0.2953125 0.47265625 0.040625 0.15
1 0.37890625 0.47890625 0.0484375 0.1375
1 0.47421875 0.48359375 0.0484375 0.1484375
1 0.6609375 0.48515625 0.05 0.1390625
1 0.75703125 0.4921875 0.0484375 0.1484375
1 0.84921875 0.4953125 0.0421875 0.1390625
1 0.19140625 0.4765625 0.04375 0.146875
1 0.56328125 0.48671875 0.0453125 0.13125