0 0.1125 0.434375 0.0625 0.1921875
0 0.1328125 0.5328125 0.084375 0.28125
0 0.21875 0.5359375 0.10625 0.3921875
0 0.2625 0.5046875 0.0890625 0.3140625
0 0.31640625 0.53515625 0.096875 0.334375
0 0.3546875 0.53125 0.08125 0.2828125
0 0.40234375 0.58359375 0.1234375 0.49375
0 0.45546875 0.54140625 0.075 0.29375
0 0.56875 0.5875 0.103125 0.390625
0 0.65546875 0.575 0.1046875 0.3109375
0 0.7578125 0.59375 0.1 0.3125
0 0.80859375 0.625 0.0953125 0.3625
0 0.86953125 0.61328125 0.1 0.315625
0 0.96015625 0.6328125 0.0796875 0.315625
1 0.3 0.4484375 0.059375 0.153125
1 0.3828125 0.46484375 0.0640625 0.1421875
1 0.4765625 0.48125 0.065625 0.153125
1 0.66171875 0.5046875 0.065625 0.1421875
1 0.75625 0.5234375 0.065625 0.153125
1 0.84765625 0.5375 0.0578125 0.1421875
1 0.196875 0.4390625 0.0609375 0.1515625
1 0.56484375 0.49453125 0.0609375 0.1359375