1 0.21640625 0.3578125 0.071875 0.1453125
1 0.37265625 0.4109375 0.0828125 0.1640625
1 0.45546875 0.4375 0.084375 0.1640625
0 0.16015625 0.4109375 0.1078125 0.2625
0 0.23203125 0.44453125 0.1 0.25625
0 0.28515625 0.4578125 0.1359375 0.3640625
0 0.32890625 0.4515625 0.0953125 0.2765625
0 0.42109375 0.496875 0.1265625 0.3171875
0 0.509375 0.5296875 0.1328125 0.3453125
0 0.6140625 0.5640625 0.15625 0.36875
0 0.72890625 0.61171875 0.1453125 0.3546875
0 0.884375 0.728125 0.171875 0.4046875
0 0.87109375 0.65390625 0.1515625 0.384375
1 0.540625 0.46484375 0.0984375 0.18125
1 0.6453125 0.5015625 0.0953125 0.1796875
1 0.28984375 0.38046875 0.0828125 0.1578125
1 0.75703125 0.53515625 0.10625 0.1921875
1 0.8828125 0.571875 0.109375 0.2