0 0.87890625 0.65234375 0.1671875 0.409375
0 0.13671875 0.4453125 0.1390625 0.384375
0 0.1984375 0.43671875 0.1328125 0.340625
0 0.2546875 0.4265625 0.1046875 0.29375
0 0.28203125 0.45625 0.1 0.29375
0 0.315625 0.54921875 0.14375 0.3546875
0 0.371875 0.384375 0.06875 0.1140625
0 0.4390625 0.5 0.1390625 0.3640625
0 0.5140625 0.54765625 0.1328125 0.359375
0 0.57109375 0.58515625 0.1546875 0.4015625
0 0.62890625 0.5671875 0.14375 0.3578125
0 0.728125 0.60703125 0.153125 0.384375
1 0.89453125 0.49765625 0.0578125 0.0734375
1 0.25625 0.37734375 0.065625 0.14375
1 0.321875 0.39765625 0.071875 0.1515625
1 0.39296875 0.41796875 0.0734375 0.1671875
1 0.47265625 0.440625 0.0703125 0.15
1 0.55703125 0.4609375 0.0765625 0.1515625
1 0.65078125 0.5 0.09375 0.184375
1 0.76171875 0.53203125 0.1078125 0.203125