1 0.29609375 0.4109375 0.0359375 0.1390625
1 0.35546875 0.4125 0.0359375 0.14375
1 0.42265625 0.42265625 0.040625 0.1640625
1 0.5015625 0.428125 0.0484375 0.16875
1 0.59765625 0.43671875 0.05625 0.2
1 0.71796875 0.4484375 0.05625 0.209375
1 0.85546875 0.46015625 0.0828125 0.240625
0 0.13203125 0.47890625 0.05625 0.325
0 0.18828125 0.51875 0.078125 0.365625
0 0.25078125 0.46015625 0.046875 0.2703125
0 0.31015625 0.4828125 0.0515625 0.275
0 0.3765625 0.484375 0.059375 0.3046875
0 0.4515625 0.5015625 0.071875 0.3484375
0 0.534375 0.50390625 0.08125 0.4140625
0 0.66328125 0.540625 0.090625 0.4359375
0 0.8125 0.5546875 0.1125 0.5203125