1 0.2015625 0.49921875 0.075 0.1625
1 0.3 0.48359375 0.065625 0.159375
1 0.3828125 0.4625 0.0609375 0.1515625
1 0.4765625 0.4484375 0.075 0.15
1 0.5765625 0.43359375 0.065625 0.140625
1 0.67578125 0.421875 0.0734375 0.16875
1 0.77578125 0.4125 0.0625 0.1625
1 0.88671875 0.39453125 0.0734375 0.1671875
0 0.08203125 0.6078125 0.0984375 0.3203125
0 0.140625 0.58671875 0.11875 0.3375
0 0.21328125 0.578125 0.1296875 0.3796875
0 0.2859375 0.5609375 0.1 0.290625
0 0.37109375 0.5375 0.0921875 0.3078125
0 0.42421875 0.55234375 0.128125 0.4078125
0 0.53359375 0.56015625 0.1078125 0.3515625
0 0.5875 0.5078125 0.1078125 0.3171875
0 0.69375 0.509375 0.10625 0.3046875
0 0.77421875 0.50078125 0.1078125 0.334375
0 0.8125 0.4640625 0.0984375 0.3296875
0 0.925 0.47734375 0.1140625 0.309375
0 0.48515625 0.53515625 0.0953125 0.2890625