1 0.41484375 0.525 0.0859375 0.1984375
1 0.68515625 0.4484375 0.071875 0.1578125
1 0.759375 0.42734375 0.065625 0.1546875
1 0.8265625 0.41171875 0.059375 0.1453125
1 0.1625 0.58359375 0.1125 0.2140625
1 0.29765625 0.5546875 0.1078125 0.221875
0 0.12265625 0.73984375 0.19375 0.51875
0 0.19453125 0.659375 0.1796875 0.43125
0 0.334375 0.6703125 0.1328125 0.4296875
0 0.38828125 0.69765625 0.165625 0.4671875
0 0.48203125 0.625 0.1328125 0.38125
0 0.53828125 0.6375 0.1453125 0.434375
0 0.59296875 0.6515625 0.16875 0.53125
0 0.62265625 0.53515625 0.1359375 0.3828125
0 0.65859375 0.52890625 0.1140625 0.3328125
0 0.75390625 0.525 0.140625 0.3734375
0 0.8015625 0.51953125 0.0953125 0.29375
0 0.78046875 0.37734375 0.06875 0.1359375
0 0.8671875 0.45859375 0.1109375 0.2796875
0 0.921875 0.4796875 0.1140625 0.3125