0 0.06015625 0.53046875 0.0828125 0.3125
0 0.13203125 0.5203125 0.06875 0.2765625
0 0.1890625 0.50546875 0.0765625 0.26875
0 0.2265625 0.52890625 0.0484375 0.2703125
0 0.31875 0.53984375 0.0703125 0.2890625
0 0.36484375 0.53828125 0.05625 0.253125
0 0.43046875 0.528125 0.084375 0.328125
0 0.52109375 0.54453125 0.071875 0.3109375
0 0.56171875 0.58828125 0.1078125 0.39375
0 0.646875 0.58984375 0.084375 0.3109375
0 0.75859375 0.596875 0.1109375 0.4390625
0 0.80234375 0.5875 0.084375 0.3765625
0 0.91328125 0.61015625 0.1140625 0.3890625
1 0.31640625 0.4625 0.05625 0.1546875
1 0.39140625 0.4703125 0.0484375 0.1546875
1 0.47578125 0.47734375 0.05625 0.1625
1 0.5609375 0.428125 0.034375 0.053125
1 0.67265625 0.4953125 0.0609375 0.1734375
1 0.7890625 0.4984375 0.08125 0.1796875
1 0.92109375 0.5078125 0.0890625 0.18125
1 0.2453125 0.45859375 0.053125 0.1515625
0 0.25703125 0.5484375 0.0828125 0.346875