0 0.05546875 0.603125 0.09375 0.3515625
0 0.12734375 0.5859375 0.0859375 0.315625
0 0.175 0.63125 0.065625 0.3515625
0 0.21640625 0.61953125 0.06875 0.328125
0 0.28203125 0.64453125 0.065625 0.403125
0 0.33125 0.6296875 0.0578125 0.3328125
0 0.36875 0.60234375 0.05625 0.2640625
0 0.45 0.6171875 0.0703125 0.3859375
0 0.58046875 0.69375 0.0765625 0.3703125
0 0.54296875 0.52578125 0.046875 0.1453125
0 0.68515625 0.65078125 0.065625 0.328125
0 0.65546875 0.61484375 0.05625 0.303125
0 0.76875 0.62421875 0.06875 0.328125
0 0.82421875 0.6609375 0.078125 0.4203125
0 0.8734375 0.7140625 0.1078125 0.459375
0 0.9453125 0.6671875 0.075 0.3828125
1 0.30546875 0.525 0.0515625 0.153125
1 0.3921875 0.53046875 0.0515625 0.1546875
1 0.475 0.5328125 0.0578125 0.14375
1 0.5671875 0.52890625 0.0609375 0.1359375
1 0.6640625 0.5328125 0.059375 0.140625
1 0.7671875 0.5453125 0.0546875 0.1328125
1 0.86640625 0.55078125 0.0625 0.1359375
1 0.22109375 0.5234375 0.05625 0.15625