1 0.41171875 0.48984375 0.0828125 0.1984375
1 0.68984375 0.525 0.0703125 0.1578125
1 0.7671875 0.534375 0.0625 0.1546875
1 0.83515625 0.54609375 0.0578125 0.1453125
1 0.15625 0.4453125 0.109375 0.2140625
1 0.2921875 0.471875 0.1046875 0.221875
0 0.07578125 0.5734375 0.1515625 0.51875
0 0.15625 0.52734375 0.171875 0.43125
0 0.28046875 0.5921875 0.125 0.43125
0 0.31953125 0.63828125 0.1578125 0.4671875
0 0.434375 0.60859375 0.1265625 0.3828125
0 0.48125 0.64140625 0.1375 0.434375
0 0.5265625 0.67578125 0.159375 0.5328125
0 0.59921875 0.58046875 0.1296875 0.3828125
0 0.63515625 0.58828125 0.1078125 0.3328125
0 0.7234375 0.62265625 0.134375 0.375
0 0.76953125 0.6359375 0.0890625 0.29375
0 0.80625 0.496875 0.065625 0.1359375
0 0.8546875 0.60546875 0.10625 0.2796875
0 0.896875 0.64609375 0.109375 0.3125