1 0.1359375 0.42421875 0.04375 0.0390625
1 0.2109375 0.47109375 0.046875 0.1609375
1 0.28828125 0.46796875 0.0515625 0.175
1 0.3796875 0.46484375 0.0609375 0.175
1 0.4765625 0.45546875 0.05625 0.1828125
1 0.57890625 0.44140625 0.0578125 0.19375
1 0.85625 0.42578125 0.0875 0.24375
0 0.85625 0.53046875 0.1234375 0.490625
0 0.70546875 0.53828125 0.0890625 0.415625
0 0.6203125 0.55546875 0.090625 0.45625
0 0.54296875 0.525 0.071875 0.40625
0 0.3421875 0.5296875 0.08125 0.3671875
0 0.25 0.54921875 0.065625 0.3125
0 0.190625 0.5546875 0.059375 0.2921875
0 0.1359375 0.565625 0.0703125 0.2890625
0 0.0703125 0.5484375 0.06875 0.309375
1 0.70625 0.43828125 0.090625 0.2203125