0 0.0453125 0.46171875 0.090625 0.3203125
0 0.13828125 0.46484375 0.125 0.2796875
0 0.2140625 0.46953125 0.090625 0.2703125
0 0.2453125 0.4921875 0.065625 0.259375
0 0.2625 0.51640625 0.1078125 0.340625
0 0.3125 0.40703125 0.0328125 0.0734375
0 0.3265625 0.52421875 0.103125 0.29375
0 0.403125 0.53515625 0.1203125 0.3671875
0 0.45390625 0.52421875 0.0890625 0.3125
0 0.49375 0.5671875 0.128125 0.3640625
0 0.546875 0.55859375 0.103125 0.325
0 0.6046875 0.62265625 0.1203125 0.35
0 0.659375 0.6046875 0.1078125 0.340625
0 0.7953125 0.53359375 0.109375 0.2140625
0 0.80703125 0.66015625 0.1234375 0.415625
0 0.90078125 0.67109375 0.140625 0.3875
1 0.92734375 0.56953125 0.1 0.1859375
1 0.7921875 0.54140625 0.0875 0.1859375
1 0.6796875 0.521875 0.084375 0.184375
1 0.5796875 0.48984375 0.0609375 0.146875
1 0.48828125 0.4671875 0.0640625 0.1484375
1 0.40703125 0.45546875 0.065625 0.1515625
1 0.3390625 0.4484375 0.0671875 0.15625