0 0.1015625 0.721875 0.1515625 0.35625
0 0.16484375 0.68515625 0.1375 0.3203125
0 0.2234375 0.71640625 0.125 0.3515625
0 0.2609375 0.69296875 0.125 0.3296875
0 0.33046875 0.6984375 0.134375 0.4015625
0 0.3734375 0.67109375 0.1140625 0.33125
0 0.40234375 0.63515625 0.1015625 0.265625
0 0.484375 0.6265625 0.1359375 0.3859375
0 0.63046875 0.6640625 0.1390625 0.371875
0 0.5484375 0.5125 0.0703125 0.1484375
0 0.71953125 0.59375 0.121875 0.328125
0 0.68046875 0.5671875 0.10625 0.303125
0 0.79296875 0.5453125 0.1234375 0.3296875
0 0.85546875 0.565625 0.15 0.4203125
0 0.9125 0.60234375 0.175 0.4640625
0 0.95234375 0.53828125 0.0953125 0.3828125
1 0.31953125 0.57734375 0.0765625 0.1578125
1 0.4046875 0.55859375 0.0765625 0.1578125
1 0.48515625 0.5390625 0.0796875 0.1484375
1 0.57265625 0.50859375 0.0828125 0.1421875
1 0.6671875 0.48671875 0.0828125 0.146875
1 0.76953125 0.46953125 0.0765625 0.1375
1 0.86640625 0.44765625 0.084375 0.1421875
1 0.23828125 0.6 0.08125 0.1609375