0 0.9578125 0.5515625 0.084375 0.38125
0 0.8578125 0.57109375 0.0828125 0.4046875
0 0.8859375 0.58203125 0.140625 0.45
0 0.80234375 0.56484375 0.0984375 0.3578125
0 0.7171875 0.5578125 0.1109375 0.384375
0 0.6625 0.5765625 0.0765625 0.3234375
0 0.5546875 0.6453125 0.1515625 0.525
0 0.59296875 0.61015625 0.1125 0.4359375
0 0.453125 0.571875 0.0984375 0.3859375
0 0.390625 0.60625 0.125 0.4796875
0 0.3375 0.5578125 0.065625 0.2578125
0 0.30234375 0.6140625 0.090625 0.3203125
0 0.2359375 0.6171875 0.1 0.4375
0 0.1765625 0.6171875 0.08125 0.328125
0 0.10859375 0.64140625 0.115625 0.4140625
1 0.18828125 0.51171875 0.0640625 0.1703125
1 0.28125 0.50625 0.06875 0.171875
1 0.371875 0.50078125 0.06875 0.1765625
1 0.46796875 0.4953125 0.0671875 0.1671875
1 0.57109375 0.484375 0.0703125 0.16875
1 0.66953125 0.41875 0.0453125 0.0578125
1 0.79453125 0.4125 0.06875 0.0625
1 0.9234375 0.41171875 0.059375 0.0703125