0 0.0671875 0.58359375 0.0765625 0.3125
0 0.1375 0.56484375 0.0640625 0.275
0 0.19140625 0.54375 0.071875 0.2671875
0 0.23203125 0.56171875 0.0453125 0.2703125
0 0.325 0.56171875 0.065625 0.2875
0 0.3703125 0.5546875 0.0515625 0.253125
0 0.434375 0.5359375 0.078125 0.3265625
0 0.5265625 0.54140625 0.065625 0.309375
0 0.571875 0.5796875 0.1 0.3921875
0 0.65703125 0.571875 0.078125 0.3109375
0 0.76875 0.56484375 0.103125 0.4390625
0 0.8109375 0.55 0.0765625 0.3765625
0 0.92421875 0.559375 0.1078125 0.3875
1 0.31328125 0.48515625 0.0546875 0.153125
1 0.3890625 0.48359375 0.046875 0.1546875
1 0.4734375 0.48046875 0.053125 0.1625
1 0.5515625 0.42109375 0.0328125 0.053125
1 0.67109375 0.475 0.0578125 0.171875
1 0.78671875 0.46328125 0.078125 0.178125
1 0.91875 0.45625 0.0859375 0.1796875
1 0.2421875 0.48984375 0.05 0.1515625
0 0.26484375 0.578125 0.0765625 0.3453125