0 0.05078125 0.61484375 0.1015625 0.3203125
0 0.14609375 0.584375 0.1203125 0.2796875
0 0.21953125 0.5640625 0.0859375 0.2703125
0 0.25625 0.57578125 0.0609375 0.259375
0 0.28046875 0.59296875 0.1015625 0.340625
0 0.2921875 0.47265625 0.03125 0.0734375
0 0.34375 0.57890625 0.0984375 0.29375
0 0.4203125 0.56484375 0.1140625 0.3671875
0 0.4640625 0.53828125 0.084375 0.3140625
0 0.515625 0.565625 0.121875 0.3640625
0 0.56328125 0.53984375 0.0984375 0.325
0 0.6390625 0.58203125 0.1140625 0.35
0 0.684375 0.54765625 0.1015625 0.340625
0 0.790625 0.4359375 0.10625 0.2125
0 0.84296875 0.5515625 0.115625 0.415625
0 0.93359375 0.53125 0.1328125 0.3875
1 0.9265625 0.4265625 0.0984375 0.184375
1 0.7890625 0.44375 0.084375 0.1859375
1 0.6765625 0.4625 0.08125 0.184375
1 0.571875 0.46484375 0.0578125 0.146875
1 0.478125 0.47265625 0.0609375 0.146875
1 0.39765625 0.48828125 0.0625 0.1515625
1 0.33125 0.50390625 0.0640625 0.1546875