1 0.20234375 0.51484375 0.0828125 0.1640625
1 0.29921875 0.49375 0.0734375 0.159375
1 0.38046875 0.46875 0.06875 0.153125
1 0.47421875 0.44921875 0.08125 0.1515625
1 0.57265625 0.4296875 0.071875 0.1421875
1 0.67109375 0.4125 0.08125 0.16875
1 0.77109375 0.3984375 0.0703125 0.1625
1 0.88046875 0.37421875 0.08125 0.1671875
0 0.08828125 0.6296875 0.1140625 0.3203125
0 0.1453125 0.60546875 0.134375 0.3375
0 0.21796875 0.59296875 0.1484375 0.3796875
0 0.2890625 0.571875 0.1140625 0.290625
0 0.37265625 0.54453125 0.1078125 0.30625
0 0.42734375 0.55625 0.1484375 0.4078125
0 0.53671875 0.55859375 0.125 0.3515625
0 0.5875 0.503125 0.1234375 0.3171875
0 0.69375 0.49921875 0.1203125 0.3046875
0 0.7734375 0.48671875 0.1234375 0.334375
0 0.81015625 0.44765625 0.115625 0.3296875
0 0.9234375 0.4546875 0.1296875 0.3109375
0 0.48671875 0.5359375 0.1109375 0.2875