0 0.05859375 0.49296875 0.0765625 0.309375
0 0.16796875 0.515625 0.05625 0.296875
0 0.21015625 0.53515625 0.090625 0.390625
0 0.275 0.52421875 0.0609375 0.3171875
0 0.30625 0.56640625 0.071875 0.38125
0 0.3734375 0.53671875 0.0765625 0.3640625
0 0.4484375 0.596875 0.1078125 0.4609375
0 0.5125 0.59453125 0.0703125 0.3625
0 0.58984375 0.615625 0.084375 0.390625
0 0.61875 0.5609375 0.078125 0.375
0 0.7328125 0.6265625 0.13125 0.453125
0 0.9375 0.6421875 0.125 0.5328125
0 0.87734375 0.60078125 0.103125 0.425
1 0.12578125 0.43203125 0.0609375 0.165625
1 0.21640625 0.43828125 0.0640625 0.1578125
1 0.4078125 0.45390625 0.0640625 0.15625
1 0.515625 0.47109375 0.065625 0.1703125
1 0.62265625 0.4796875 0.0734375 0.16875
1 0.74609375 0.50078125 0.0734375 0.18125
1 0.87421875 0.51328125 0.065625 0.196875
0 0.02890625 0.4984375 0.0578125 0.290625