0 0.0796875 0.628125 0.0859375 0.253125
0 0.1203125 0.6109375 0.1 0.2890625
0 0.20859375 0.59609375 0.10625 0.303125
0 0.2953125 0.59375 0.1109375 0.3078125
0 0.3875 0.609375 0.1375 0.4125
0 0.49921875 0.57421875 0.1125 0.3171875
0 0.603125 0.575 0.1125 0.3171875
0 0.70859375 0.54375 0.128125 0.365625
0 0.7703125 0.54453125 0.15 0.403125
0 0.85390625 0.51796875 0.1484375 0.4015625
1 0.153125 0.5453125 0.075 0.1578125
1 0.2359375 0.5328125 0.0671875 0.16875
1 0.3171875 0.52421875 0.06875 0.165625
1 0.4015625 0.509375 0.0875 0.175
1 0.5 0.49453125 0.0796875 0.171875
1 0.59921875 0.4796875 0.0875 0.178125
1 0.71328125 0.45703125 0.0859375 0.171875
1 0.83515625 0.4375 0.09375 0.1765625