1 0.2265625 0.50390625 0.05625 0.146875
1 0.30546875 0.49765625 0.0625 0.1453125
1 0.46484375 0.48203125 0.0671875 0.165625
1 0.55546875 0.46796875 0.0703125 0.1640625
1 0.6609375 0.4421875 0.0625 0.146875
1 0.7703125 0.43515625 0.06875 0.171875
1 0.8875 0.43203125 0.0828125 0.1921875
0 0.19921875 0.5703125 0.109375 0.284375
0 0.27890625 0.57109375 0.0890625 0.2671875
0 0.35078125 0.55234375 0.0921875 0.315625
0 0.40234375 0.56953125 0.115625 0.3828125
0 0.4515625 0.54765625 0.0859375 0.284375
0 0.50078125 0.58046875 0.103125 0.328125
0 0.55078125 0.53515625 0.1078125 0.3203125
0 0.6484375 0.5390625 0.0953125 0.3125
0 0.7265625 0.540625 0.1109375 0.35625
0 0.7828125 0.51328125 0.1203125 0.359375
0 0.90390625 0.51796875 0.1203125 0.35