1 0.16015625 0.43203125 0.0671875 0.159375
1 0.240625 0.45078125 0.071875 0.1578125
1 0.3234375 0.46875 0.0703125 0.16875
1 0.50625 0.51171875 0.0828125 0.1859375
0 0.04140625 0.490625 0.0828125 0.3375
0 0.1015625 0.4953125 0.103125 0.275
0 0.1796875 0.50859375 0.1078125 0.3234375
0 0.27265625 0.53046875 0.0984375 0.3265625
0 0.35703125 0.5359375 0.1234375 0.3765625
0 0.42265625 0.59609375 0.1484375 0.41875
0 0.46796875 0.5875 0.1078125 0.35
0 0.5421875 0.6046875 0.1078125 0.3375
0 0.59765625 0.6234375 0.1140625 0.35
0 0.6453125 0.63671875 0.15 0.3984375
0 0.72734375 0.69296875 0.178125 0.43125
0 0.8671875 0.5203125 0.0734375 0.1234375
0 0.85859375 0.73515625 0.175 0.478125
1 0.86875 0.57734375 0.115625 0.209375
1 0.41171875 0.48125 0.0875 0.18125
1 0.6125 0.5375 0.0984375 0.2109375
1 0.73515625 0.55625 0.103125 0.2078125