0 0.0609375 0.484375 0.0734375 0.253125
0 0.1046875 0.48125 0.0859375 0.2890625
0 0.19296875 0.4953125 0.090625 0.303125
0 0.27578125 0.521875 0.0953125 0.3078125
0 0.3578125 0.5671875 0.1171875 0.4125
0 0.475 0.56953125 0.096875 0.3171875
0 0.57265625 0.60390625 0.096875 0.3171875
0 0.6828125 0.609375 0.1109375 0.365625
0 0.74140625 0.63046875 0.13125 0.403125
0 0.82890625 0.63203125 0.128125 0.4015625
1 0.15703125 0.4296875 0.0671875 0.1578125
1 0.23984375 0.4453125 0.059375 0.1671875
1 0.31875 0.46328125 0.0609375 0.165625
1 0.40390625 0.47734375 0.0796875 0.1734375
1 0.5015625 0.49453125 0.071875 0.1703125
1 0.60078125 0.51328125 0.0796875 0.1765625
1 0.71640625 0.52890625 0.078125 0.1703125
1 0.83671875 0.55 0.0859375 0.175