1 0.1828125 0.52109375 0.0640625 0.1484375
1 0.534375 0.4671875 0.0640625 0.14375
1 0.80859375 0.41953125 0.065625 0.1578125
0 0.08671875 0.61484375 0.1078125 0.2921875
0 0.15859375 0.58984375 0.1015625 0.284375
0 0.26953125 0.56953125 0.1109375 0.2890625
0 0.33515625 0.56640625 0.103125 0.3375
0 0.36796875 0.559375 0.071875 0.2625
0 0.43828125 0.54296875 0.08125 0.29375
0 0.484375 0.5484375 0.1 0.340625
0 0.54140625 0.53203125 0.0796875 0.25625
0 0.625 0.5078125 0.0828125 0.290625
0 0.6734375 0.5390625 0.0953125 0.328125
0 0.72734375 0.49453125 0.0765625 0.2859375
0 0.77109375 0.509375 0.1 0.3328125
0 0.83828125 0.4828125 0.084375 0.265625
0 0.8890625 0.48046875 0.1125 0.35
1 0.265625 0.5078125 0.0765625 0.15
1 0.3578125 0.49453125 0.0640625 0.146875
1 0.44140625 0.478125 0.06875 0.15
1 0.621875 0.44765625 0.065625 0.15
1 0.71328125 0.43671875 0.06875 0.15