0 0.0546875 0.4265625 0.109375 0.30625
0 0.11640625 0.40390625 0.1234375 0.321875
0 0.2015625 0.45859375 0.1109375 0.3
0 0.2109375 0.340625 0.0828125 0.1359375
0 0.27109375 0.45859375 0.1296875 0.359375
0 0.315625 0.6578125 0.2390625 0.625
0 0.39375 0.3578125 0.09375 0.15
0 0.44921875 0.49375 0.125 0.3234375
0 0.4984375 0.55625 0.121875 0.31875
0 0.553125 0.52890625 0.1125 0.3265625
0 0.61640625 0.58515625 0.1484375 0.409375
0 0.64921875 0.575 0.1203125 0.34375
0 0.7890625 0.64140625 0.1578125 0.4234375
0 0.9203125 0.65703125 0.159375 0.3890625
0 0.7953125 0.546875 0.1421875 0.3015625
1 0.9453125 0.55 0.109375 0.209375
1 0.8109375 0.51484375 0.1078125 0.19375
1 0.68984375 0.4890625 0.09375 0.190625
1 0.58203125 0.459375 0.0875 0.1828125
1 0.48671875 0.4296875 0.0828125 0.171875
1 0.40234375 0.41015625 0.0828125 0.1703125
1 0.33046875 0.37734375 0.065625 0.1359375
1 0.25078125 0.3671875 0.0640625 0.1484375