1 0.18828125 0.43828125 0.0625 0.146875
1 0.54140625 0.4765625 0.0609375 0.14375
1 0.81875 0.50234375 0.0640625 0.15625
0 0.07109375 0.50390625 0.103125 0.2921875
0 0.146875 0.4984375 0.096875 0.284375
0 0.26015625 0.5078125 0.10625 0.2875
0 0.3234375 0.521875 0.0984375 0.3359375
0 0.35703125 0.5234375 0.0671875 0.2625
0 0.42890625 0.525 0.0765625 0.29375
0 0.47265625 0.54296875 0.09375 0.340625
0 0.53203125 0.54140625 0.075 0.25625
0 0.61875 0.53984375 0.078125 0.2890625
0 0.6578125 0.58203125 0.090625 0.3265625
0 0.72109375 0.55390625 0.071875 0.2859375
0 0.759375 0.57890625 0.0953125 0.3328125
0 0.83125 0.5703125 0.08125 0.265625
0 0.88125 0.58203125 0.10625 0.3484375
1 0.271875 0.446875 0.075 0.15
1 0.3640625 0.4578125 0.0625 0.146875
1 0.44921875 0.4640625 0.065625 0.15
1 0.63125 0.48046875 0.0625 0.1484375
1 0.72265625 0.49453125 0.0671875 0.15