0 0.0609375 0.403125 0.121875 0.30625
0 0.121875 0.384375 0.1390625 0.321875
0 0.20390625 0.44296875 0.125 0.2984375
0 0.2203125 0.32578125 0.0890625 0.1375
0 0.2734375 0.446875 0.1484375 0.3578125
0 0.3078125 0.6484375 0.26875 0.6234375
0 0.4015625 0.35234375 0.1 0.1515625
0 0.45 0.49140625 0.140625 0.3234375
0 0.4953125 0.55625 0.1375 0.3171875
0 0.5515625 0.53125 0.128125 0.325
0 0.61171875 0.59140625 0.16875 0.4078125
0 0.6453125 0.5828125 0.1359375 0.3421875
0 0.78125 0.65625 0.178125 0.421875
0 0.91171875 0.67890625 0.1765625 0.3890625
0 0.7921875 0.5625 0.15625 0.303125
1 0.94140625 0.57265625 0.1171875 0.2109375
1 0.809375 0.53125 0.1171875 0.1953125
1 0.690625 0.49921875 0.1015625 0.190625
1 0.584375 0.46328125 0.0953125 0.1828125
1 0.490625 0.42890625 0.090625 0.1734375
1 0.40703125 0.4046875 0.0890625 0.1703125
1 0.33671875 0.36875 0.071875 0.1359375
1 0.25859375 0.3546875 0.0703125 0.1484375