1 0.23515625 0.4328125 0.053125 0.146875
1 0.3125 0.446875 0.059375 0.1453125
1 0.47109375 0.4734375 0.0640625 0.165625
1 0.56171875 0.4828125 0.06875 0.1640625
1 0.6703125 0.48515625 0.059375 0.146875
1 0.778125 0.50703125 0.065625 0.171875
1 0.89140625 0.534375 0.0796875 0.1921875
0 0.19140625 0.490625 0.1046875 0.2828125
0 0.26796875 0.51171875 0.084375 0.2671875
0 0.3421875 0.51171875 0.0875 0.315625
0 0.3875 0.5421875 0.109375 0.3828125
0 0.440625 0.53359375 0.08125 0.284375
0 0.48046875 0.578125 0.096875 0.328125
0 0.53984375 0.54765625 0.1015625 0.31875
0 0.6328125 0.57578125 0.0890625 0.3125
0 0.70859375 0.59765625 0.10625 0.35625
0 0.76953125 0.5859375 0.1140625 0.359375
0 0.8859375 0.621875 0.1140625 0.35