0 0.171875 0.6140625 0.1 0.3765625
0 0.246875 0.6265625 0.1078125 0.403125
0 0.334375 0.60703125 0.075 0.33125
0 0.39765625 0.6296875 0.078125 0.2890625
0 0.45625 0.596875 0.08125 0.278125
0 0.51328125 0.6125 0.0765625 0.296875
0 0.56328125 0.59453125 0.0609375 0.265625
0 0.6078125 0.59921875 0.0546875 0.25
0 0.675 0.60234375 0.0734375 0.2796875
0 0.6359375 0.59375 0.0484375 0.2296875
0 0.7390625 0.60859375 0.078125 0.33125
1 0.1484375 0.525 0.06875 0.2
1 0.30390625 0.52578125 0.0625 0.175
1 0.41953125 0.525 0.053125 0.159375
1 0.525 0.5234375 0.0453125 0.1421875
1 0.60859375 0.52890625 0.040625 0.1359375