0 0.78125 0.47265625 0.0421875 0.2625
0 0.74375 0.48515625 0.065625 0.3375
0 0.56875 0.48125 0.053125 0.265625
0 0.63359375 0.490625 0.0578125 0.284375
0 0.1953125 0.53828125 0.090625 0.446875
0 0.228125 0.41171875 0.06875 0.1296875
0 0.36015625 0.49921875 0.059375 0.309375
0 0.3078125 0.5671875 0.0828125 0.43125
0 0.428125 0.5328125 0.0703125 0.3546875
0 0.49140625 0.54375 0.0796875 0.371875
1 0.16171875 0.45 0.0609375 0.1890625
1 0.32109375 0.453125 0.0546875 0.1890625
1 0.4328125 0.45 0.046875 0.178125
1 0.534375 0.4328125 0.0328125 0.13125
1 0.603125 0.43046875 0.0359375 0.115625