0 0.15625 0.57890625 0.134375 0.4015625
0 0.2484375 0.6078125 0.1578125 0.459375
0 0.321875 0.646875 0.1609375 0.5109375
0 0.3828125 0.696875 0.1703125 0.5125
0 0.49453125 0.62734375 0.1484375 0.403125
0 0.54765625 0.47890625 0.04375 0.0890625
0 0.58984375 0.571875 0.090625 0.2640625
0 0.6375 0.6 0.09375 0.278125
0 0.68671875 0.62578125 0.1171875 0.325
0 0.7609375 0.6828125 0.128125 0.4015625
0 0.80390625 0.625 0.103125 0.2984375
1 0.1265625 0.46953125 0.1046875 0.228125
1 0.284375 0.48984375 0.0796875 0.1875
1 0.48515625 0.51640625 0.0609375 0.1453125
1 0.55234375 0.52265625 0.059375 0.1375