0 0.09921875 0.61015625 0.075 0.4609375
0 0.18125 0.621875 0.125 0.51875
0 0.2859375 0.659375 0.1328125 0.6125
0 0.45 0.675 0.1328125 0.65
0 0.5421875 0.63125 0.0875 0.50625
0 0.64765625 0.54453125 0.0828125 0.33125
0 0.73984375 0.56171875 0.065625 0.3796875
0 0.8421875 0.54609375 0.071875 0.325
0 0.9265625 0.54375 0.065625 0.29375
1 0.0859375 0.49296875 0.084375 0.2484375
1 0.27734375 0.4890625 0.0734375 0.21875
1 0.41484375 0.47890625 0.0671875 0.1796875
1 0.52734375 0.48515625 0.0578125 0.1765625
1 0.60234375 0.45625 0.0359375 0.115625