0 0.0453125 0.5265625 0.090625 0.346875
0 0.1125 0.50703125 0.0890625 0.3296875
0 0.196875 0.5234375 0.1109375 0.38125
0 0.25234375 0.50390625 0.075 0.3125
0 0.29609375 0.50390625 0.071875 0.278125
0 0.35234375 0.49921875 0.115625 0.465625
0 0.40859375 0.484375 0.0828125 0.34375
0 0.46171875 0.46953125 0.096875 0.38125
0 0.59921875 0.4890625 0.1171875 0.3765625
0 0.7140625 0.47421875 0.1140625 0.3671875
0 0.79453125 0.46171875 0.1046875 0.3796875
1 0.1296875 0.43828125 0.06875 0.1765625
1 0.28359375 0.41875 0.0625 0.1734375
1 0.4359375 0.41015625 0.065625 0.1765625
1 0.596875 0.39375 0.0703125 0.1765625
1 0.7625 0.38203125 0.0671875 0.184375