0 0.22109375 0.61015625 0.09375 0.4546875
0 0.31171875 0.61171875 0.0984375 0.48125
0 0.37890625 0.59375 0.08125 0.4
0 0.44453125 0.62578125 0.0953125 0.475
0 0.5203125 0.57578125 0.0875 0.3515625
0 0.60546875 0.58203125 0.0765625 0.3703125
0 0.7046875 0.66328125 0.078125 0.4125
0 0.73671875 0.553125 0.05625 0.3140625
0 0.7953125 0.5828125 0.071875 0.359375
0 0.8890625 0.59140625 0.090625 0.4109375
0 0.90703125 0.5359375 0.0515625 0.25625
1 0.32734375 0.4921875 0.065625 0.178125
1 0.47578125 0.48046875 0.0546875 0.1546875
1 0.59375 0.48125 0.0515625 0.1578125
1 0.69140625 0.46796875 0.04375 0.1515625
1 0.77109375 0.459375 0.0390625 0.1296875