0 0.11328125 0.73203125 0.2265625 0.5359375
0 0.33828125 0.6265625 0.1921875 0.40625
0 0.53359375 0.5765625 0.15 0.3671875
0 0.5 0.59921875 0.0109375 0.00625
0 0.60703125 0.58828125 0.1609375 0.4
0 0.671875 0.56796875 0.1734375 0.434375
0 0.753125 0.52421875 0.16875 0.4015625
0 0.8734375 0.484375 0.159375 0.35
1 0.1265625 0.58359375 0.121875 0.225
1 0.321875 0.5171875 0.1078125 0.19375
1 0.5046875 0.49140625 0.103125 0.2078125
1 0.68359375 0.44609375 0.0984375 0.209375
1 0.84765625 0.40546875 0.1046875 0.209375