0 0.0828125 0.62890625 0.165625 0.3578125
0 0.140625 0.58671875 0.1421875 0.334375
0 0.31875 0.57734375 0.146875 0.3578125
0 0.403125 0.5125 0.125 0.3
0 0.49921875 0.55703125 0.1578125 0.384375
0 0.54453125 0.50078125 0.1515625 0.3515625
0 0.59765625 0.47578125 0.109375 0.2796875
0 0.65625 0.4734375 0.1390625 0.3390625
0 0.6921875 0.43515625 0.1 0.253125
0 0.74609375 0.43984375 0.10625 0.2625
0 0.80546875 0.4015625 0.140625 0.3359375
1 0.41328125 0.44609375 0.0828125 0.1609375
1 0.2875 0.47578125 0.0859375 0.1578125
1 0.13828125 0.521875 0.103125 0.1828125
1 0.54609375 0.4 0.0703125 0.1359375
1 0.6546875 0.37109375 0.0703125 0.1390625
0 0.103125 0.62734375 0.175 0.4078125