0 0.2703125 0.75078125 0.175 0.4984375
0 0.396875 0.7296875 0.190625 0.540625
0 0.43671875 0.66015625 0.1625 0.4609375
0 0.7453125 0.565625 0.13125 0.4015625
0 0.81171875 0.5703125 0.1765625 0.45
0 0.628125 0.46484375 0.1171875 0.1671875
0 0.61875 0.65625 0.1828125 0.50625
0 0.48828125 0.6625 0.1328125 0.3953125
0 0.5421875 0.6796875 0.15625 0.4453125
1 0.17421875 0.64453125 0.125 0.2828125
1 0.3375 0.59375 0.109375 0.24375
1 0.453125 0.55703125 0.0921875 0.2171875
1 0.56796875 0.52421875 0.0796875 0.196875
1 0.64609375 0.50390625 0.06875 0.1765625