0 0.25703125 0.7390625 0.15 0.4984375
0 0.3859375 0.7265625 0.1625 0.5453125
0 0.428125 0.65703125 0.1390625 0.4609375
0 0.7421875 0.57890625 0.1109375 0.403125
0 0.8078125 0.58671875 0.1546875 0.45
0 0.6296875 0.471875 0.109375 0.1640625
0 0.61015625 0.66171875 0.1578125 0.5078125
0 0.4796875 0.66171875 0.1125 0.396875
0 0.5328125 0.68125 0.134375 0.4453125
1 0.1671875 0.62734375 0.1109375 0.28125
1 0.3328125 0.58515625 0.0984375 0.24375
1 0.45 0.5546875 0.08125 0.2171875
1 0.5671875 0.52734375 0.0703125 0.196875
1 0.64609375 0.51171875 0.0609375 0.1765625