0 0.096875 0.59296875 0.121875 0.359375
0 0.17734375 0.5671875 0.1328125 0.353125
0 0.2625 0.56328125 0.1421875 0.36875
0 0.32421875 0.5453125 0.1046875 0.29375
0 0.471875 0.52421875 0.115625 0.3109375
0 0.60234375 0.49765625 0.1015625 0.2890625
0 0.74296875 0.4703125 0.1078125 0.275
0 0.86484375 0.5046875 0.1515625 0.4359375
1 0.14609375 0.50390625 0.0796875 0.1765625
1 0.30625 0.48203125 0.0703125 0.1703125
1 0.4421875 0.4515625 0.0703125 0.1625
1 0.5875 0.43203125 0.0703125 0.1578125
1 0.7 0.40390625 0.0625 0.14375