0 0.0859375 0.49296875 0.109375 0.359375
0 0.1703125 0.4875 0.121875 0.3515625
0 0.2546875 0.50390625 0.1296875 0.3671875
0 0.31875 0.5015625 0.0953125 0.2921875
0 0.4671875 0.5171875 0.1046875 0.309375
0 0.6 0.52265625 0.0921875 0.2875
0 0.74296875 0.53046875 0.0984375 0.2734375
0 0.853125 0.59296875 0.1375 0.434375
1 0.15625 0.41796875 0.0734375 0.1765625
1 0.31640625 0.4359375 0.065625 0.16875
1 0.45546875 0.4390625 0.0640625 0.1609375
1 0.6015625 0.4546875 0.065625 0.15625
1 0.71796875 0.45546875 0.0578125 0.14375