0 0.2109375 0.64765625 0.0890625 0.5234375
0 0.27421875 0.625 0.071875 0.5046875
0 0.42421875 0.65078125 0.140625 0.653125
0 0.53515625 0.61015625 0.1 0.4421875
0 0.65 0.5421875 0.0828125 0.3375
0 0.69140625 0.5578125 0.0484375 0.296875
0 0.74609375 0.534375 0.04375 0.259375
0 0.80390625 0.56484375 0.0953125 0.359375
0 0.896875 0.5265625 0.065625 0.3234375
0 0.95546875 0.53359375 0.0640625 0.3421875
1 0.18984375 0.51328125 0.090625 0.284375
1 0.38359375 0.49296875 0.065625 0.2265625
1 0.51328125 0.490625 0.053125 0.2125
1 0.621875 0.47578125 0.0453125 0.171875
1 0.7078125 0.46875 0.0390625 0.1546875