0 0.1484375 0.72265625 0.175 0.4578125
0 0.23125 0.709375 0.2375 0.5265625
0 0.340625 0.703125 0.265625 0.59375
0 0.50234375 0.67734375 0.2734375 0.6453125
0 0.57890625 0.61328125 0.1984375 0.5046875
0 0.65390625 0.49921875 0.1546875 0.3359375
0 0.74765625 0.48828125 0.1484375 0.3796875
0 0.840625 0.44453125 0.1421875 0.328125
0 0.92109375 0.4171875 0.1296875 0.296875
1 0.10234375 0.61484375 0.1359375 0.25625
1 0.284375 0.5546875 0.1203125 0.2265625
1 0.4125 0.5046875 0.10625 0.1875
1 0.521875 0.478125 0.0953125 0.1828125
1 0.58515625 0.428125 0.0609375 0.11875