0 0.19375 0.3546875 0.1171875 0.14375
0 0.1234375 0.621875 0.1875 0.5796875
0 0.2453125 0.6 0.1890625 0.575
0 0.3484375 0.634375 0.2453125 0.671875
0 0.478125 0.60078125 0.178125 0.5078125
0 0.55703125 0.58125 0.1296875 0.384375
0 0.69765625 0.6484375 0.1859375 0.5734375
0 0.79453125 0.590625 0.11875 0.328125
0 0.8546875 0.62890625 0.15 0.4265625
1 0.7578125 0.51953125 0.0640625 0.1828125
1 0.65078125 0.50078125 0.0796875 0.1875
1 0.51640625 0.4875 0.0921875 0.2109375
1 0.16015625 0.43984375 0.1328125 0.2796875