0 0.09921875 0.59765625 0.0671875 0.4109375
0 0.14453125 0.56328125 0.05625 0.3765625
0 0.23203125 0.58046875 0.0921875 0.4828125
0 0.3203125 0.60078125 0.0859375 0.5375
0 0.42265625 0.5671875 0.075 0.384375
0 0.49140625 0.56015625 0.0640625 0.3734375
0 0.546875 0.51640625 0.0515625 0.284375
0 0.61328125 0.51796875 0.059375 0.31875
0 0.73984375 0.53125 0.071875 0.3375
0 0.815625 0.521875 0.0875 0.3703125
0 0.91640625 0.54453125 0.0875 0.384375
1 0.5015625 0.45234375 0.0421875 0.1421875
1 0.58671875 0.453125 0.034375 0.1375
1 0.3890625 0.46171875 0.0484375 0.1671875
1 0.27109375 0.45390625 0.0453125 0.1609375
1 0.09765625 0.4625 0.0625 0.1734375