0 0.09140625 0.53671875 0.090625 0.384375
0 0.1375 0.4953125 0.0609375 0.2796875
0 0.18515625 0.53515625 0.09375 0.4234375
0 0.28984375 0.51796875 0.090625 0.328125
0 0.38046875 0.5328125 0.1046875 0.378125
0 0.45078125 0.509375 0.09375 0.325
0 0.55390625 0.5125 0.1015625 0.3859375
0 0.6171875 0.48828125 0.078125 0.3375
1 0.759375 0.4234375 0.059375 0.175
1 0.60546875 0.43515625 0.0640625 0.1734375
1 0.4421875 0.44296875 0.0640625 0.1703125
1 0.31640625 0.4484375 0.053125 0.165625
1 0.165625 0.4671875 0.0546875 0.178125