0 0.19609375 0.50546875 0.1671875 0.4046875
0 0.29453125 0.51796875 0.1703125 0.3921875
0 0.3390625 0.553125 0.1703125 0.425
0 0.3828125 0.52265625 0.1421875 0.365625
0 0.4625 0.5421875 0.1671875 0.390625
0 0.5046875 0.584375 0.1484375 0.390625
0 0.55078125 0.553125 0.1234375 0.3375
0 0.590625 0.5546875 0.1140625 0.3046875
0 0.65 0.5765625 0.15 0.3765625
0 0.740625 0.584375 0.1171875 0.2984375
1 0.19765625 0.4 0.1125 0.221875
1 0.35234375 0.43203125 0.0890625 0.2
1 0.4640625 0.4515625 0.08125 0.1703125
1 0.57109375 0.47109375 0.075 0.1609375
1 0.65546875 0.48671875 0.078125 0.1578125