0 0.1453125 0.528125 0.0828125 0.371875
0 0.09140625 0.5515625 0.075 0.328125
0 0.2984375 0.5234375 0.071875 0.3234375
0 0.35546875 0.56015625 0.075 0.34375
0 0.40390625 0.5171875 0.0625 0.26875
0 0.44921875 0.5015625 0.0625 0.2953125
0 0.5015625 0.51796875 0.0640625 0.3125
0 0.5640625 0.48984375 0.059375 0.2625
0 0.6296875 0.49765625 0.0578125 0.315625
0 0.65078125 0.490625 0.04375 0.240625
0 0.74609375 0.5046875 0.0734375 0.265625
1 0.10703125 0.44296875 0.05 0.1765625
1 0.278125 0.44375 0.0578125 0.1734375
1 0.4078125 0.440625 0.0515625 0.15625
1 0.521875 0.428125 0.04375 0.146875
1 0.61953125 0.43359375 0.040625 0.1265625