0 0.1828125 0.4921875 0.1296875 0.4
0 0.28984375 0.52578125 0.109375 0.3765625
0 0.365625 0.49453125 0.0984375 0.3515625
0 0.42578125 0.5171875 0.0921875 0.35
0 0.48984375 0.4953125 0.0859375 0.31875
0 0.5453125 0.5015625 0.0984375 0.3421875
0 0.5953125 0.49375 0.075 0.284375
0 0.6359375 0.515625 0.0984375 0.371875
0 0.69765625 0.50859375 0.0828125 0.3078125
1 0.16640625 0.39921875 0.0859375 0.215625
1 0.3234375 0.41171875 0.071875 0.190625
1 0.446875 0.4140625 0.0625 0.171875
1 0.55625 0.4203125 0.0546875 0.1453125
1 0.64375 0.42734375 0.0484375 0.1265625
0 0.67734375 0.48984375 0.0640625 0.2578125