0 0.196875 0.34921875 0.11875 0.14375
0 0.121875 0.615625 0.196875 0.578125
0 0.24296875 0.5953125 0.1984375 0.5734375
0 0.34609375 0.63203125 0.25625 0.671875
0 0.4765625 0.6 0.1859375 0.5078125
0 0.55546875 0.58203125 0.1359375 0.3828125
0 0.6953125 0.6515625 0.1953125 0.571875
0 0.79296875 0.59609375 0.125 0.328125
0 0.85234375 0.63515625 0.15625 0.425
1 0.7578125 0.52421875 0.0671875 0.1828125
1 0.65078125 0.503125 0.0828125 0.1875
1 0.5171875 0.4875 0.0953125 0.2109375
1 0.1609375 0.43359375 0.1375 0.28125