0 0.24453125 0.51171875 0.0921875 0.3
0 0.29609375 0.49453125 0.0984375 0.340625
0 0.34296875 0.50859375 0.128125 0.4015625
0 0.471875 0.58046875 0.1125 0.375
0 0.63125 0.6 0.1203125 0.4453125
0 0.4953125 0.5171875 0.0828125 0.346875
0 0.615625 0.51015625 0.0890625 0.30625
0 0.584375 0.5078125 0.084375 0.29375
0 0.73203125 0.51875 0.1015625 0.29375
0 0.81015625 0.525 0.0859375 0.265625
0 0.8921875 0.57421875 0.0921875 0.3296875
1 0.30078125 0.4203125 0.06875 0.1625
1 0.45 0.43359375 0.0609375 0.1625
1 0.56796875 0.44453125 0.0578125 0.159375
1 0.68828125 0.45625 0.0484375 0.1390625
1 0.7875 0.45703125 0.053125 0.1296875