0 0.1078125 0.62578125 0.215625 0.4640625
0 0.1328125 0.6015625 0.1625 0.3984375
0 0.23984375 0.6203125 0.1984375 0.4953125
0 0.3203125 0.53984375 0.1515625 0.365625
0 0.43828125 0.5296875 0.203125 0.496875
0 0.49375 0.50625 0.13125 0.34375
0 0.53828125 0.49765625 0.1578125 0.3796875
0 0.65703125 0.4390625 0.1375 0.340625
0 0.71640625 0.42578125 0.1765625 0.4171875
0 0.82265625 0.4046875 0.121875 0.3140625
0 0.8734375 0.39375 0.16875 0.4015625
1 0.11484375 0.5109375 0.1203125 0.2296875
1 0.303125 0.453125 0.0984375 0.1875
1 0.4703125 0.40703125 0.09375 0.1875
1 0.64375 0.35859375 0.0953125 0.1828125
1 0.79609375 0.31796875 0.09375 0.1890625