0 0.10078125 0.6046875 0.0734375 0.4109375
0 0.14609375 0.56953125 0.0625 0.3765625
0 0.23359375 0.58515625 0.1 0.484375
0 0.32265625 0.60390625 0.0953125 0.5390625
0 0.42421875 0.56796875 0.08125 0.3859375
0 0.49296875 0.56015625 0.0703125 0.3734375
0 0.54765625 0.515625 0.05625 0.2859375
0 0.6140625 0.51640625 0.065625 0.3203125
0 0.73984375 0.5265625 0.078125 0.3375
0 0.815625 0.51640625 0.09375 0.371875
0 0.9171875 0.53671875 0.0953125 0.3859375
1 0.50078125 0.45234375 0.0453125 0.1421875
1 0.5859375 0.4515625 0.0375 0.1375
1 0.38828125 0.4640625 0.0515625 0.1671875
1 0.2703125 0.4578125 0.0484375 0.1609375
1 0.096875 0.46953125 0.065625 0.175