0 0.14453125 0.509375 0.1015625 0.375
0 0.0890625 0.5296875 0.090625 0.33125
0 0.29765625 0.5125 0.0875 0.3265625
0 0.35234375 0.55234375 0.09375 0.346875
0 0.403125 0.51171875 0.0765625 0.271875
0 0.44921875 0.4984375 0.078125 0.296875
0 0.5 0.51796875 0.08125 0.315625
0 0.56484375 0.49375 0.0734375 0.2640625
0 0.6296875 0.5046875 0.0734375 0.3171875
0 0.6515625 0.4984375 0.05625 0.2421875
0 0.7453125 0.51796875 0.0875 0.26875
1 0.1109375 0.42265625 0.059375 0.178125
1 0.28125 0.43203125 0.0671875 0.175
1 0.4109375 0.4359375 0.059375 0.1578125
1 0.525 0.4296875 0.0515625 0.15
1 0.62265625 0.43984375 0.0484375 0.1296875