0 0.0953125 0.5390625 0.140625 0.409375
0 0.14609375 0.509375 0.128125 0.346875
0 0.29765625 0.5203125 0.09375 0.2703125
0 0.3125 0.5359375 0.1046875 0.303125
0 0.42734375 0.51796875 0.103125 0.3015625
0 0.45390625 0.52265625 0.09375 0.284375
0 0.5765625 0.5203125 0.0890625 0.278125
0 0.60390625 0.55546875 0.1109375 0.2796875
0 0.69609375 0.55703125 0.1109375 0.2765625
0 0.73359375 0.5734375 0.1078125 0.30625
1 0.1640625 0.4203125 0.071875 0.1609375
1 0.31484375 0.434375 0.0671875 0.140625
1 0.44609375 0.44296875 0.059375 0.13125
1 0.571875 0.46796875 0.059375 0.1359375
1 0.684375 0.48046875 0.0578125 0.1359375