0 0.1953125 0.61171875 0.1515625 0.5265625
0 0.2609375 0.596875 0.13125 0.5046875
0 0.40625 0.640625 0.21875 0.6609375
0 0.521875 0.61328125 0.153125 0.446875
0 0.64375 0.56015625 0.1234375 0.34375
0 0.6828125 0.58046875 0.084375 0.2984375
0 0.73984375 0.5640625 0.075 0.259375
0 0.79375 0.60078125 0.1390625 0.365625
0 0.890625 0.57421875 0.103125 0.325
0 0.94765625 0.5890625 0.1046875 0.34375
1 0.190625 0.47578125 0.1234375 0.290625
1 0.38515625 0.47890625 0.0921875 0.23125
1 0.51484375 0.4921875 0.078125 0.215625
1 0.62421875 0.49140625 0.065625 0.175
1 0.709375 0.49453125 0.0578125 0.1578125