0 0.225 0.61953125 0.109375 0.45625
0 0.315625 0.61796875 0.1140625 0.4828125
0 0.38203125 0.5984375 0.0953125 0.4015625
0 0.4484375 0.62734375 0.1109375 0.4765625
0 0.5234375 0.575 0.1 0.353125
0 0.6078125 0.57890625 0.0890625 0.371875
0 0.7109375 0.65625 0.0921875 0.4140625
0 0.73828125 0.5453125 0.0671875 0.315625
0 0.79765625 0.57265625 0.084375 0.3609375
0 0.8921875 0.57734375 0.1046875 0.4125
0 0.9078125 0.521875 0.0609375 0.2578125
1 0.3265625 0.49765625 0.071875 0.1796875
1 0.475 0.48125 0.059375 0.15625
1 0.59296875 0.478125 0.0578125 0.159375
1 0.68984375 0.46171875 0.05 0.153125
1 0.76953125 0.45 0.04375 0.1296875