0 0.046875 0.446875 0.0828125 0.3453125
0 0.1171875 0.43984375 0.0765625 0.328125
0 0.19765625 0.4703125 0.0984375 0.3796875
0 0.25546875 0.4609375 0.0640625 0.3125
0 0.2984375 0.46875 0.0625 0.2765625
0 0.3546875 0.4734375 0.1 0.465625
0 0.41328125 0.46875 0.071875 0.34375
0 0.4671875 0.46328125 0.0828125 0.3796875
0 0.6 0.50625 0.103125 0.375
0 0.715625 0.51171875 0.1015625 0.365625
0 0.796875 0.5140625 0.0921875 0.378125
1 0.14609375 0.375 0.0640625 0.175
1 0.30078125 0.3828125 0.05625 0.171875
1 0.45234375 0.4 0.059375 0.175
1 0.6140625 0.4125 0.0640625 0.175
1 0.77890625 0.4296875 0.0609375 0.1828125