0 0.09375 0.5171875 0.1609375 0.409375
0 0.1453125 0.490625 0.1453125 0.3484375
0 0.296875 0.509375 0.1078125 0.2703125
0 0.3109375 0.52578125 0.11875 0.303125
0 0.4265625 0.5140625 0.11875 0.3015625
0 0.45234375 0.5203125 0.1078125 0.284375
0 0.57578125 0.52421875 0.1015625 0.278125
0 0.60078125 0.56015625 0.1234375 0.2796875
0 0.6921875 0.5671875 0.1234375 0.2765625
0 0.7296875 0.58515625 0.1234375 0.3078125
1 0.16796875 0.403125 0.0796875 0.1625
1 0.31875 0.425 0.0734375 0.1421875
1 0.4484375 0.440625 0.065625 0.1328125
1 0.5734375 0.471875 0.0671875 0.1375
1 0.68515625 0.48984375 0.0640625 0.1359375