0 0.21328125 0.6046875 0.125 0.409375
0 0.14609375 0.603125 0.0984375 0.325
0 0.334375 0.55234375 0.0953125 0.3109375
0 0.39296875 0.55703125 0.1125 0.3671875
0 0.45234375 0.53359375 0.0703125 0.2609375
0 0.4890625 0.5234375 0.08125 0.2734375
0 0.59296875 0.4953125 0.065625 0.2546875
0 0.6828125 0.4828125 0.0734375 0.2421875
1 0.1515625 0.49765625 0.0703125 0.1828125
1 0.31328125 0.475 0.06875 0.1640625
1 0.434375 0.46328125 0.0578125 0.15
1 0.54765625 0.44375 0.0515625 0.1359375
1 0.63984375 0.4296875 0.05 0.1328125