0 0.09375 0.44375 0.1234375 0.3859375
0 0.1484375 0.4140625 0.084375 0.28125
0 0.18515625 0.46328125 0.1296875 0.425
0 0.29140625 0.4703125 0.1171875 0.33125
0 0.37578125 0.5046875 0.1359375 0.38125
0 0.45 0.4984375 0.1203125 0.328125
0 0.55 0.52421875 0.134375 0.3890625
0 0.6171875 0.515625 0.1078125 0.3390625
1 0.7703125 0.48359375 0.0734375 0.1765625
1 0.6171875 0.4609375 0.078125 0.175
1 0.45625 0.43125 0.078125 0.1734375
1 0.3328125 0.40859375 0.0671875 0.1671875
1 0.18125 0.39296875 0.06875 0.1796875