0 0.2234375 0.57265625 0.1734375 0.409375
0 0.1609375 0.5453125 0.15 0.3765625
0 0.3203125 0.5546875 0.1140625 0.2921875
0 0.38671875 0.57578125 0.1203125 0.303125
0 0.44921875 0.56953125 0.0875 0.2453125
0 0.46875 0.5984375 0.1484375 0.3828125
0 0.55234375 0.56015625 0.0875 0.2640625
0 0.57890625 0.60546875 0.121875 0.353125
0 0.65 0.58359375 0.1203125 0.321875
0 0.70390625 0.58125 0.096875 0.24375
1 0.1578125 0.45625 0.0953125 0.1875
1 0.30859375 0.48046875 0.0828125 0.184375
1 0.43046875 0.4859375 0.0703125 0.1421875
1 0.53984375 0.50078125 0.0625 0.13125
1 0.6265625 0.5109375 0.059375 0.1234375