0 0.20390625 0.57421875 0.084375 0.403125
0 0.1375 0.565625 0.065625 0.3203125
0 0.3296875 0.534375 0.0640625 0.30625
0 0.3875 0.5453125 0.075 0.3609375
0 0.44921875 0.528125 0.04375 0.25625
0 0.48671875 0.521875 0.053125 0.26875
0 0.59296875 0.5046875 0.040625 0.2515625
0 0.68359375 0.50234375 0.05 0.2375
1 0.15390625 0.4609375 0.053125 0.178125
1 0.3171875 0.45546875 0.053125 0.159375
1 0.43828125 0.45625 0.0421875 0.146875
1 0.553125 0.44921875 0.0375 0.1328125
1 0.64609375 0.44453125 0.0359375 0.1296875