0 0.7828125 0.48671875 0.0546875 0.2625
0 0.74375 0.49765625 0.084375 0.3390625
0 0.56953125 0.48515625 0.0671875 0.2671875
0 0.63359375 0.49765625 0.0734375 0.2875
0 0.19375 0.52265625 0.1140625 0.4484375
0 0.2328125 0.39765625 0.075 0.1328125
0 0.36015625 0.49140625 0.075 0.3109375
0 0.3046875 0.55703125 0.1046875 0.434375
0 0.4265625 0.52890625 0.0890625 0.35625
0 0.4890625 0.54296875 0.0984375 0.3734375
1 0.16484375 0.43203125 0.0703125 0.190625
1 0.3234375 0.44375 0.0640625 0.190625
1 0.4359375 0.446875 0.05625 0.1796875
1 0.5375 0.43515625 0.040625 0.13125
1 0.60703125 0.4359375 0.040625 0.115625