1 0.28984375 0.4046875 0.0546875 0.1640625
1 0.43671875 0.41484375 0.0515625 0.175
0 0.1421875 0.51015625 0.109375 0.50625
1 0.1375 0.3953125 0.0546875 0.1609375
0 0.08125 0.47734375 0.05625 0.3078125
0 0.1953125 0.48984375 0.06875 0.3359375
0 0.27421875 0.48359375 0.0765625 0.3375
0 0.384375 0.48671875 0.0796875 0.3296875
0 0.43515625 0.48515625 0.0609375 0.303125
0 0.59453125 0.5015625 0.0671875 0.325
0 0.76640625 0.49453125 0.0734375 0.36875
1 0.603125 0.42265625 0.05 0.18125
1 0.76953125 0.4203125 0.0578125 0.1671875