0 0.1140625 0.69296875 0.178125 0.49375
0 0.21640625 0.653125 0.1703125 0.4859375
0 0.30625 0.678125 0.190625 0.5828125
0 0.5140625 0.58046875 0.15625 0.440625
0 0.35859375 0.459375 0.0484375 0.1
0 0.434375 0.68984375 0.23125 0.6203125
0 0.84609375 0.51796875 0.1390625 0.4046875
0 0.78984375 0.5140625 0.1046875 0.3578125
0 0.7375 0.63984375 0.1875 0.5609375
0 0.6203125 0.565625 0.096875 0.359375
0 0.5875 0.615625 0.1625 0.49375
1 0.15234375 0.565625 0.0984375 0.240625
1 0.33671875 0.52578125 0.084375 0.215625
1 0.46015625 0.49609375 0.078125 0.1890625
1 0.65390625 0.4546875 0.0734375 0.1640625