0 0.2 0.625 0.178125 0.5796875
0 0.328125 0.6078125 0.1296875 0.425
0 0.43125 0.61640625 0.134375 0.459375
0 0.49921875 0.6015625 0.0953125 0.3703125
0 0.5828125 0.65390625 0.1484375 0.5703125
0 0.6484375 0.60078125 0.0890625 0.3921875
0 0.69765625 0.6109375 0.10625 0.3640625
0 0.75234375 0.5875 0.084375 0.3015625
0 0.83828125 0.603125 0.0953125 0.35
1 0.11484375 0.46640625 0.1109375 0.271875
1 0.32109375 0.48359375 0.0890625 0.23125
1 0.46875 0.4953125 0.0765625 0.20625
1 0.69375 0.51875 0.0640625 0.1703125
0 0.10546875 0.60859375 0.1328125 0.484375