0 0.07890625 0.55625 0.1578125 0.49375
0 0.18125 0.55234375 0.1625 0.4859375
0 0.25859375 0.6046875 0.18125 0.5828125
0 0.4875 0.58125 0.15 0.440625
0 0.3796875 0.415625 0.046875 0.1
0 0.37578125 0.66015625 0.2203125 0.6234375
0 0.82109375 0.6296875 0.1328125 0.4046875
0 0.76953125 0.6078125 0.1 0.3578125
0 0.67890625 0.709375 0.178125 0.5609375
0 0.5921875 0.60078125 0.090625 0.3609375
0 0.5453125 0.6375 0.153125 0.49375
1 0.15 0.4484375 0.0953125 0.240625
1 0.33671875 0.47109375 0.08125 0.215625
1 0.4640625 0.48359375 0.075 0.1890625
1 0.66015625 0.50703125 0.0703125 0.1625