0 0.10390625 0.5171875 0.2078125 0.5
0 0.16875 0.5890625 0.209375 0.5015625
0 0.25390625 0.609375 0.2671875 0.5921875
0 0.32890625 0.5546875 0.1609375 0.4328125
0 0.3796875 0.5828125 0.19375 0.465625
0 0.4390625 0.64765625 0.209375 0.496875
0 0.85 0.64609375 0.1328125 0.3609375
0 0.821875 0.634375 0.1171875 0.3625
0 0.7640625 0.65234375 0.153125 0.3921875
0 0.70234375 0.6875 0.16875 0.44375
0 0.55859375 0.6859375 0.2515625 0.5578125
0 0.63828125 0.6640625 0.159375 0.4265625
0 0.640625 0.46796875 0.0625 0.0984375
0 0.76015625 0.45703125 0.046875 0.046875
1 0.68125 0.54140625 0.090625 0.2109375
1 0.453125 0.4859375 0.109375 0.234375
1 0.31640625 0.4515625 0.1046875 0.246875
1 0.1015625 0.40234375 0.1390625 0.2703125