0 0.3140625 0.6640625 0.1546875 0.38125
0 0.3796875 0.63046875 0.1625 0.38125
0 0.46015625 0.6171875 0.1828125 0.4515625
0 0.57890625 0.56171875 0.1640625 0.375
0 0.63515625 0.49921875 0.1078125 0.2859375
0 0.6828125 0.56171875 0.1578125 0.38125
0 0.715625 0.49375 0.103125 0.271875
0 0.7796875 0.48359375 0.125 0.3171875
1 0.64140625 0.4546875 0.0640625 0.1375
1 0.58359375 0.465625 0.0609375 0.1359375
1 0.509375 0.49296875 0.071875 0.159375
1 0.428125 0.5171875 0.0984375 0.1875
1 0.2921875 0.5546875 0.103125 0.1984375