0 0.08125 0.53046875 0.1625 0.4984375
0 0.14765625 0.52265625 0.184375 0.4828125
0 0.2234375 0.59296875 0.246875 0.5578125
0 0.37109375 0.5421875 0.1890625 0.4453125
0 0.459375 0.6015625 0.2109375 0.48125
0 0.6375 0.62578125 0.1828125 0.4359375
0 0.721875 0.571875 0.1171875 0.3125
0 0.740625 0.62578125 0.1328125 0.34375
0 0.8484375 0.6359375 0.15 0.3234375
1 0.134375 0.4046875 0.1328125 0.265625
1 0.334375 0.4375 0.1109375 0.2234375
1 0.478125 0.47109375 0.1 0.2015625
1 0.59765625 0.4921875 0.0796875 0.171875
1 0.69296875 0.509375 0.0734375 0.15625