0 0.11015625 0.57890625 0.1375 0.4984375
0 0.18671875 0.63984375 0.134375 0.5
0 0.27421875 0.64609375 0.18125 0.5875
0 0.3390625 0.58046875 0.0953125 0.4359375
0 0.39375 0.60078125 0.125 0.4640625
0 0.46328125 0.65546875 0.1359375 0.4953125
0 0.86875 0.58984375 0.078125 0.3625
0 0.83828125 0.58203125 0.0609375 0.3671875
0 0.784375 0.60859375 0.09375 0.39375
0 0.72890625 0.653125 0.103125 0.4453125
0 0.58671875 0.675 0.171875 0.553125
0 0.6625 0.640625 0.0953125 0.4296875
0 0.634375 0.446875 0.05 0.09375
0 0.75 0.4171875 0.0421875 0.0421875
1 0.6859375 0.5125 0.059375 0.209375
1 0.4515625 0.49375 0.0765625 0.23125
1 0.3109375 0.48125 0.06875 0.246875
1 0.09140625 0.465625 0.1 0.265625