0 0.25859375 0.66171875 0.2 0.50625
0 0.3515625 0.65 0.221875 0.5421875
0 0.43515625 0.60703125 0.134375 0.38125
0 0.4921875 0.603125 0.1453125 0.3859375
0 0.60546875 0.515625 0.1 0.284375
0 0.66328125 0.56328125 0.184375 0.4625
0 0.6859375 0.4921875 0.1046875 0.303125
0 0.7375 0.49921875 0.1234375 0.3078125
0 0.81171875 0.465625 0.1421875 0.3234375
0 0.91640625 0.42421875 0.1140625 0.2859375
1 0.6265625 0.4484375 0.06875 0.159375
1 0.55234375 0.46484375 0.075 0.165625
1 0.34609375 0.52890625 0.096875 0.2078125
1 0.18125 0.584375 0.1328125 0.2625
1 0.45078125 0.48046875 0.0796875 0.1609375