0 0.07421875 0.6625 0.1484375 0.4875
0 0.16953125 0.62421875 0.0953125 0.4828125
0 0.2625 0.66953125 0.146875 0.55
0 0.3890625 0.578125 0.109375 0.4421875
0 0.490625 0.609375 0.1234375 0.4765625
0 0.66875 0.58046875 0.1046875 0.4328125
0 0.73359375 0.50390625 0.059375 0.3125
0 0.7671875 0.55 0.06875 0.3421875
0 0.8734375 0.528125 0.0921875 0.31875
1 0.121875 0.515625 0.0859375 0.259375
1 0.3234375 0.4890625 0.071875 0.2171875
1 0.47109375 0.47890625 0.065625 0.196875
1 0.59140625 0.4640625 0.0484375 0.1703125
1 0.6875 0.45234375 0.0453125 0.153125