0 0.15703125 0.63515625 0.0546875 0.3796875
0 0.22421875 0.62265625 0.0953125 0.4453125
0 0.34609375 0.590625 0.0765625 0.3625
0 0.415625 0.61953125 0.06875 0.378125
0 0.48359375 0.615625 0.09375 0.421875
0 0.58203125 0.57109375 0.0609375 0.3
0 0.65859375 0.55390625 0.0484375 0.2390625
0 0.69765625 0.5984375 0.05625 0.321875
0 0.80078125 0.58515625 0.0578125 0.2984375
1 0.134375 0.5234375 0.0671875 0.2203125
1 0.30234375 0.51875 0.0546875 0.1921875
1 0.428125 0.5140625 0.046875 0.175
1 0.54296875 0.51171875 0.0375 0.1546875
1 0.63046875 0.5109375 0.040625 0.140625