0 0.159375 0.64140625 0.046875 0.3796875
0 0.2265625 0.62734375 0.0875 0.44375
0 0.34765625 0.59296875 0.0703125 0.3625
0 0.41796875 0.62109375 0.0625 0.3765625
0 0.4859375 0.615625 0.0859375 0.4203125
0 0.58359375 0.56953125 0.05625 0.2984375
0 0.659375 0.55078125 0.04375 0.2375
0 0.69921875 0.5953125 0.05 0.3203125
0 0.80234375 0.5796875 0.053125 0.296875
1 0.13515625 0.5296875 0.0640625 0.21875
1 0.30234375 0.521875 0.05 0.190625
1 0.428125 0.515625 0.04375 0.175
1 0.54296875 0.5109375 0.034375 0.1546875
1 0.63046875 0.50859375 0.0375 0.140625