0 0.2671875 0.58671875 0.1109375 0.38125
0 0.340625 0.57890625 0.1203125 0.3796875
0 0.4203125 0.5953125 0.13125 0.4515625
0 0.5515625 0.5859375 0.121875 0.375
0 0.6265625 0.54765625 0.0734375 0.2875
0 0.6484375 0.62265625 0.1140625 0.38125
0 0.70390625 0.57109375 0.0703125 0.2734375
0 0.76640625 0.584375 0.0875 0.3171875
1 0.6484375 0.50859375 0.0484375 0.1375
1 0.58984375 0.49765625 0.046875 0.1359375
1 0.51171875 0.496875 0.053125 0.159375
1 0.4265625 0.48984375 0.078125 0.184375
1 0.28671875 0.4765625 0.0828125 0.1953125