0 0.2171875 0.6609375 0.109375 0.571875
0 0.3421875 0.628125 0.078125 0.41875
0 0.44609375 0.62421875 0.0796875 0.453125
0 0.51171875 0.60078125 0.05 0.3671875
0 0.60078125 0.64296875 0.0796875 0.565625
0 0.659375 0.58203125 0.0421875 0.390625
0 0.709375 0.5859375 0.0625 0.359375
0 0.7609375 0.55625 0.046875 0.2984375
0 0.8484375 0.5609375 0.053125 0.346875
1 0.11328125 0.51328125 0.0796875 0.265625
1 0.3203125 0.50546875 0.0625 0.225
1 0.46875 0.49921875 0.053125 0.2015625
1 0.69453125 0.4953125 0.04375 0.165625
0 0.121875 0.65546875 0.075 0.478125