0 0.228125 0.603125 0.090625 0.503125
0 0.32109375 0.6125 0.103125 0.5375
0 0.4125 0.58984375 0.05 0.38125
0 0.46875 0.59921875 0.0609375 0.384375
0 0.59921875 0.5390625 0.0375 0.284375
0 0.64453125 0.5984375 0.084375 0.459375
0 0.6828125 0.534375 0.0375 0.3046875
0 0.73125 0.553125 0.05625 0.3046875
0 0.81171875 0.53671875 0.0734375 0.3171875
0 0.9234375 0.5203125 0.0515625 0.284375
1 0.63515625 0.478125 0.034375 0.1578125
1 0.559375 0.478125 0.040625 0.1609375
1 0.34375 0.49296875 0.053125 0.203125
1 0.1703125 0.51015625 0.078125 0.253125
1 0.45625 0.4703125 0.0453125 0.1546875