0 0.928125 0.47578125 0.0890625 0.3234375
0 0.8078125 0.47265625 0.08125 0.30625
0 0.7015625 0.4734375 0.0703125 0.3359375
0 0.75546875 0.49921875 0.1078125 0.384375
0 0.14375 0.66875 0.103125 0.384375
0 0.24296875 0.6671875 0.1765625 0.665625
0 0.34453125 0.55703125 0.1109375 0.4234375
0 0.4390625 0.559375 0.115625 0.48125
0 0.509375 0.51171875 0.0953125 0.3890625
0 0.57421875 0.53359375 0.06875 0.390625
0 0.6171875 0.58125 0.128125 0.528125
1 0.09609375 0.4984375 0.09375 0.2625
1 0.2984375 0.46953125 0.0796875 0.23125
1 0.44375 0.46015625 0.0703125 0.2296875
1 0.575 0.44296875 0.0703125 0.20625
1 0.66640625 0.41171875 0.0515625 0.1625
0 0.18359375 0.36328125 0.1140625 0.13125