0 0.11328125 0.67421875 0.1828125 0.509375
0 0.234375 0.6640625 0.1890625 0.5421875
0 0.35078125 0.59296875 0.13125 0.465625
0 0.43671875 0.61953125 0.1609375 0.5171875
0 0.53203125 0.5625 0.1125 0.4015625
0 0.59609375 0.55859375 0.1359375 0.496875
0 0.675 0.5328125 0.1125 0.3453125
0 0.78984375 0.49296875 0.09375 0.325
0 0.84921875 0.515625 0.125 0.421875
0 0.9078125 0.51015625 0.0921875 0.3328125
1 0.7359375 0.43125 0.0671875 0.1703125
1 0.621875 0.45234375 0.071875 0.1875
1 0.47578125 0.48046875 0.0828125 0.203125
1 0.31953125 0.509375 0.0953125 0.2265625
1 0.10234375 0.5515625 0.1125 0.2734375