0 0.921875 0.58046875 0.1109375 0.325
0 0.80546875 0.5484375 0.1015625 0.3078125
0 0.70234375 0.5234375 0.09375 0.3359375
0 0.7484375 0.56171875 0.134375 0.3859375
0 0.11328125 0.57734375 0.1296875 0.3875
0 0.2078125 0.61171875 0.2234375 0.690625
0 0.33515625 0.5171875 0.1390625 0.425
0 0.4265625 0.54296875 0.1484375 0.4828125
0 0.50625 0.5140625 0.121875 0.390625
0 0.5640625 0.55078125 0.0953125 0.3890625
0 0.59375 0.60703125 0.1640625 0.5296875
1 0.10859375 0.40078125 0.1109375 0.265625
1 0.31171875 0.421875 0.0953125 0.2328125
1 0.45546875 0.44765625 0.0859375 0.23125
1 0.58671875 0.46328125 0.084375 0.2078125
1 0.6828125 0.4546875 0.0625 0.1625
0 0.2265625 0.290625 0.121875 0.1375