0 0.10234375 0.58671875 0.1375 0.4875
0 0.16796875 0.559375 0.0765625 0.359375
0 0.221875 0.60390625 0.0875 0.334375
0 0.33046875 0.5796875 0.065625 0.3484375
0 0.35703125 0.5953125 0.090625 0.43125
0 0.403125 0.68203125 0.1234375 0.4578125
0 0.50703125 0.5828125 0.06875 0.3265625
0 0.5484375 0.59765625 0.0828125 0.3515625
0 0.61875 0.59765625 0.1171875 0.403125
0 0.678125 0.59609375 0.059375 0.284375
0 0.71953125 0.61796875 0.0765625 0.3203125
0 0.7953125 0.63046875 0.0953125 0.365625
0 0.8765625 0.55234375 0.065625 0.2703125
0 0.91796875 0.64140625 0.1203125 0.459375
1 0.171875 0.4796875 0.0671875 0.1875
1 0.35078125 0.49765625 0.0609375 0.1890625
1 0.49765625 0.50703125 0.0578125 0.1734375
1 0.65546875 0.51015625 0.0546875 0.1640625
1 0.784375 0.52265625 0.0578125 0.16875