0 0.15234375 0.50390625 0.1125 0.4375
0 0.24765625 0.53359375 0.11875 0.440625
0 0.39453125 0.5171875 0.08125 0.3421875
0 0.44296875 0.5359375 0.1078125 0.40625
0 0.53125 0.5109375 0.0890625 0.3109375
0 0.64921875 0.50546875 0.0796875 0.2765625
0 0.7375 0.5125 0.075 0.2390625
0 0.8640625 0.54140625 0.10625 0.3703125
1 0.178125 0.40703125 0.0859375 0.2140625
1 0.36328125 0.42578125 0.0671875 0.1890625
1 0.503125 0.4359375 0.0578125 0.16875
1 0.62265625 0.4453125 0.053125 0.15625
1 0.71484375 0.45078125 0.0484375 0.1390625