0 0.0953125 0.62578125 0.1234375 0.5
0 0.21640625 0.63046875 0.125 0.5328125
0 0.340625 0.57421875 0.075 0.4625
0 0.42265625 0.6109375 0.1 0.5109375
0 0.5234375 0.565625 0.065625 0.3984375
0 0.58828125 0.56953125 0.0765625 0.49375
0 0.66953125 0.55390625 0.071875 0.340625
0 0.7890625 0.52890625 0.0546875 0.3234375
0 0.84453125 0.5578125 0.075 0.4171875
0 0.903125 0.56015625 0.053125 0.3296875
1 0.7421875 0.4609375 0.0484375 0.165625
1 0.6265625 0.4671875 0.05 0.1828125
1 0.478125 0.47734375 0.059375 0.1984375
1 0.3203125 0.4875 0.06875 0.221875
1 0.09921875 0.503125 0.08125 0.265625