0 0.134375 0.53828125 0.26875 0.6890625
0 0.28359375 0.634375 0.2484375 0.6140625
0 0.38359375 0.575 0.196875 0.540625
0 0.440625 0.6375 0.20625 0.571875
0 0.5453125 0.6234375 0.165625 0.4171875
0 0.68203125 0.61015625 0.1328125 0.3734375
0 0.71171875 0.665625 0.1890625 0.5015625
0 0.79453125 0.634375 0.140625 0.353125
0 0.9 0.659375 0.2 0.521875
1 0.075 0.3984375 0.15 0.3375
1 0.3328125 0.44375 0.146875 0.2953125
1 0.51171875 0.4703125 0.1078125 0.2359375
1 0.6515625 0.50703125 0.1015625 0.2203125
1 0.765625 0.52109375 0.0890625 0.1890625