0 0.21328125 0.60859375 0.146875 0.50625
0 0.3140625 0.58984375 0.1140625 0.45
0 0.4171875 0.58828125 0.1078125 0.4828125
0 0.45859375 0.53359375 0.0828125 0.4125
0 0.7171875 0.50546875 0.1140625 0.38125
0 0.5109375 0.5359375 0.0734375 0.353125
0 0.5375 0.384375 0.0421875 0.0765625
0 0.57421875 0.55 0.0734375 0.365625
0 0.609375 0.54921875 0.090625 0.421875
1 0.2390625 0.4859375 0.0765625 0.246875
1 0.37890625 0.46328125 0.071875 0.215625
1 0.4859375 0.453125 0.0609375 0.203125
1 0.58984375 0.44609375 0.05625 0.209375
1 0.65703125 0.428125 0.0484375 0.178125
0 0.64140625 0.4890625 0.090625 0.3296875