0 0.86015625 0.51640625 0.1375 0.4078125
0 0.7640625 0.52890625 0.1296875 0.359375
0 0.703125 0.57890625 0.1296875 0.4203125
0 0.6171875 0.5859375 0.11875 0.3546875
0 0.54453125 0.6171875 0.1609375 0.4828125
0 0.2296875 0.66328125 0.196875 0.53125
0 0.33828125 0.57890625 0.1328125 0.3734375
0 0.43359375 0.69296875 0.2078125 0.6140625
1 0.21796875 0.54765625 0.1109375 0.234375
1 0.4171875 0.5234375 0.09375 0.2390625
1 0.56015625 0.48671875 0.075 0.203125
1 0.69140625 0.45859375 0.078125 0.1765625
1 0.78828125 0.4390625 0.0671875 0.171875