0 0.2078125 0.59296875 0.121875 0.503125
0 0.309375 0.58046875 0.090625 0.446875
0 0.41328125 0.58359375 0.0828125 0.4796875
0 0.45625 0.53125 0.0609375 0.4109375
0 0.71640625 0.51640625 0.0953125 0.378125
0 0.509375 0.53671875 0.05625 0.3515625
0 0.54375 0.38671875 0.0390625 0.075
0 0.57109375 0.55390625 0.0546875 0.3640625
0 0.60703125 0.5546875 0.06875 0.4203125
1 0.240625 0.47265625 0.0640625 0.24375
1 0.38125 0.45703125 0.0609375 0.2140625
1 0.48828125 0.45234375 0.05 0.2015625
1 0.59296875 0.45078125 0.0453125 0.2078125
1 0.66015625 0.43671875 0.0390625 0.1765625
0 0.6421875 0.496875 0.0734375 0.3265625