0 0.2953125 0.5890625 0.0890625 0.475
0 0.43359375 0.63203125 0.0890625 0.4515625
0 0.4125 0.3796875 0.05 0.0671875
0 0.84453125 0.51640625 0.075 0.35625
0 0.7828125 0.5421875 0.0765625 0.428125
0 0.69140625 0.540625 0.0765625 0.3953125
0 0.61484375 0.50390625 0.05625 0.346875
0 0.54375 0.57890625 0.0671875 0.421875
0 0.5984375 0.60859375 0.0796875 0.446875
1 0.20625 0.496875 0.071875 0.2515625
1 0.35 0.48046875 0.0578125 0.2203125
1 0.45234375 0.46640625 0.046875 0.1890625
1 0.54765625 0.46171875 0.0484375 0.1984375