0 0.3078125 0.61328125 0.1453125 0.4796875
0 0.45 0.6390625 0.1421875 0.4546875
0 0.3984375 0.39140625 0.0578125 0.071875
0 0.84375 0.47421875 0.1171875 0.359375
0 0.7859375 0.5078125 0.128125 0.4296875
0 0.6953125 0.5171875 0.1234375 0.3984375
0 0.61484375 0.48984375 0.096875 0.3484375
0 0.55234375 0.5734375 0.1171875 0.4234375
0 0.6109375 0.5953125 0.1328125 0.45
1 0.2078125 0.5328125 0.1015625 0.25625
1 0.3484375 0.4984375 0.084375 0.2234375
1 0.44921875 0.47265625 0.0703125 0.1921875
1 0.54296875 0.45625 0.071875 0.2015625