0 0.859375 0.52890625 0.1234375 0.4078125
0 0.7625 0.5375 0.1171875 0.359375
0 0.7 0.5859375 0.115625 0.4203125
0 0.6140625 0.58984375 0.1078125 0.3546875
0 0.540625 0.61875 0.1453125 0.4828125
0 0.22421875 0.653125 0.1796875 0.5296875
0 0.3359375 0.57265625 0.121875 0.371875
0 0.4265625 0.6921875 0.1875 0.615625
1 0.21640625 0.53828125 0.103125 0.2328125
1 0.41640625 0.5203125 0.0859375 0.2375
1 0.5609375 0.48828125 0.06875 0.203125
1 0.6921875 0.465625 0.071875 0.1765625
1 0.790625 0.44921875 0.0625 0.1703125