0 0.13046875 0.55078125 0.2578125 0.690625
0 0.28828125 0.6421875 0.228125 0.6140625
0 0.38671875 0.57890625 0.178125 0.5421875
0 0.4453125 0.6390625 0.1875 0.575
0 0.54921875 0.621875 0.1515625 0.4171875
0 0.68515625 0.60390625 0.1203125 0.375
0 0.7171875 0.6578125 0.171875 0.503125
0 0.79921875 0.62421875 0.1296875 0.353125
0 0.90625 0.64609375 0.1859375 0.521875
1 0.0703125 0.4140625 0.140625 0.3375
1 0.33125 0.45 0.1375 0.2953125
1 0.51015625 0.4703125 0.1 0.2359375
1 0.6515625 0.5015625 0.0953125 0.2203125
1 0.765625 0.51171875 0.0828125 0.1890625