0 0.953125 0.54765625 0.09375 0.3328125
0 0.89296875 0.61640625 0.109375 0.35625
0 0.82109375 0.56171875 0.08125 0.2875
0 0.7703125 0.5828125 0.109375 0.359375
0 0.68046875 0.5921875 0.0703125 0.30625
0 0.57421875 0.5828125 0.0734375 0.2953125
0 0.625 0.7078125 0.1578125 0.5234375
0 0.54453125 0.6328125 0.0921875 0.3484375
0 0.5140625 0.684375 0.1578125 0.503125
0 0.4203125 0.66171875 0.1375 0.4296875
0 0.3390625 0.66484375 0.1359375 0.425
0 0.25 0.75234375 0.159375 0.4953125
0 0.153125 0.753125 0.15625 0.49375
0 0.70859375 0.565625 0.0828125 0.2703125
1 0.6125 0.515625 0.0546875 0.146875
1 0.53203125 0.52734375 0.05625 0.159375
1 0.41875 0.55234375 0.075 0.1875
1 0.28515625 0.57734375 0.0859375 0.2140625
1 0.0921875 0.61796875 0.1078125 0.2546875