0 0.9109375 0.70859375 0.13125 0.3328125
0 0.825 0.74921875 0.1390625 0.35625
0 0.77734375 0.67265625 0.1046875 0.2875
0 0.72265625 0.67421875 0.1375 0.3578125
0 0.63515625 0.65078125 0.096875 0.303125
0 0.5390625 0.60390625 0.0984375 0.29375
0 0.5421875 0.7390625 0.2 0.521875
0 0.49453125 0.63984375 0.1203125 0.346875
0 0.446875 0.67734375 0.1984375 0.503125
0 0.3671875 0.62265625 0.171875 0.4296875
0 0.290625 0.59609375 0.1703125 0.425
0 0.17109375 0.66171875 0.2015625 0.5265625
0 0.09140625 0.6203125 0.1828125 0.509375
0 0.671875 0.6359375 0.1046875 0.26875
1 0.59921875 0.5546875 0.0671875 0.1484375
1 0.5203125 0.53671875 0.06875 0.159375
1 0.40546875 0.51953125 0.0890625 0.1890625
1 0.271875 0.4953125 0.103125 0.215625
1 0.0765625 0.4640625 0.128125 0.25625