0 0.11796875 0.56328125 0.13125 0.390625
0 0.2515625 0.56796875 0.0984375 0.3515625
0 0.309375 0.55078125 0.0921875 0.321875
0 0.43828125 0.59140625 0.1015625 0.3328125
0 0.58671875 0.61953125 0.1078125 0.3390625
0 0.6515625 0.63828125 0.121875 0.353125
0 0.746875 0.67421875 0.15625 0.475
0 0.81953125 0.659375 0.1078125 0.421875
1 0.24453125 0.48125 0.05625 0.146875
1 0.3625 0.4984375 0.0578125 0.15
1 0.471875 0.5203125 0.071875 0.16875
1 0.62734375 0.5390625 0.0765625 0.1796875
1 0.8109375 0.56796875 0.0828125 0.196875