0 0.11484375 0.5359375 0.15625 0.390625
0 0.24765625 0.55 0.121875 0.3515625
0 0.30625 0.53671875 0.1140625 0.321875
0 0.43203125 0.58671875 0.1234375 0.3328125
0 0.578125 0.625 0.1296875 0.340625
0 0.64140625 0.6484375 0.1453125 0.3546875
0 0.734375 0.69140625 0.1875 0.475
0 0.80703125 0.68125 0.1359375 0.4203125
1 0.246875 0.4640625 0.065625 0.146875
1 0.3625 0.4890625 0.0671875 0.15
1 0.4703125 0.51875 0.0828125 0.1703125
1 0.62421875 0.54765625 0.0875 0.18125
1 0.80546875 0.58984375 0.0953125 0.1984375