0 0.0984375 0.55703125 0.1046875 0.459375
0 0.15078125 0.54453125 0.08125 0.35
0 0.33984375 0.5328125 0.1015625 0.36875
0 0.515625 0.4921875 0.071875 0.36875
0 0.5765625 0.50703125 0.096875 0.4359375
0 0.69375 0.50078125 0.0765625 0.296875
0 0.76796875 0.49296875 0.0984375 0.36875
0 0.85234375 0.46640625 0.084375 0.3515625
0 0.8859375 0.4515625 0.0765625 0.328125
1 0.15859375 0.440625 0.065625 0.2
1 0.34296875 0.4296875 0.0640625 0.1953125
1 0.5046875 0.4171875 0.0609375 0.184375
1 0.67421875 0.40625 0.0578125 0.1796875
1 0.825 0.39296875 0.0609375 0.175