0 0.1 0.56015625 0.084375 0.353125
0 0.2796875 0.5515625 0.0359375 0.340625
0 0.315625 0.55390625 0.0390625 0.384375
0 0.3671875 0.584375 0.075 0.4375
0 0.44765625 0.525 0.046875 0.325
0 0.8296875 0.53671875 0.06875 0.34375
0 0.72734375 0.51171875 0.04375 0.290625
0 0.69140625 0.5140625 0.0375 0.24375
0 0.53671875 0.55859375 0.04375 0.3046875
0 0.60390625 0.5453125 0.03125 0.28125
0 0.57578125 0.57265625 0.05 0.3671875
1 0.65625 0.459375 0.0375 0.140625
1 0.55703125 0.4640625 0.05 0.153125
1 0.41953125 0.46484375 0.046875 0.159375
1 0.28359375 0.465625 0.0578125 0.171875
1 0.09921875 0.465625 0.059375 0.184375