0 0.1125 0.615625 0.13125 0.3609375
0 0.2890625 0.58203125 0.0828125 0.34375
0 0.325 0.57890625 0.0921875 0.3859375
0 0.38046875 0.60234375 0.1359375 0.44375
0 0.4515625 0.53203125 0.0921875 0.328125
0 0.83125 0.490625 0.115625 0.35
0 0.7265625 0.4796875 0.084375 0.2953125
0 0.69140625 0.4875 0.071875 0.246875
0 0.54453125 0.553125 0.0859375 0.3078125
0 0.609375 0.53046875 0.0703125 0.2828125
0 0.58515625 0.56171875 0.1 0.3703125
1 0.64921875 0.43828125 0.05625 0.1453125
1 0.5515625 0.45625 0.0703125 0.159375
1 0.415625 0.4765625 0.0671875 0.1640625
1 0.28125 0.49609375 0.08125 0.178125
1 0.0984375 0.521875 0.084375 0.190625