0 0.059375 0.56015625 0.0609375 0.334375
0 0.1140625 0.578125 0.059375 0.3921875
0 0.18125 0.5484375 0.0765625 0.309375
0 0.328125 0.5515625 0.075 0.31875
0 0.43828125 0.57734375 0.071875 0.3578125
0 0.48125 0.56015625 0.0484375 0.3125
0 0.6390625 0.55625 0.0765625 0.365625
0 0.828125 0.56875 0.078125 0.35625
1 0.8109375 0.49921875 0.05625 0.175
1 0.6546875 0.49765625 0.0578125 0.1703125
1 0.49375 0.49765625 0.0515625 0.16875
1 0.36015625 0.490625 0.0484375 0.1625
1 0.21953125 0.49296875 0.0484375 0.1609375