0 0.05234375 0.58828125 0.075 0.315625
0 0.11015625 0.55078125 0.075 0.3546875
0 0.16328125 0.57265625 0.0875 0.44375
0 0.240625 0.56484375 0.090625 0.4171875
0 0.28515625 0.58046875 0.0671875 0.3375
0 0.4046875 0.578125 0.0921875 0.390625
0 0.590625 0.5796875 0.0734375 0.375
0 0.64140625 0.584375 0.071875 0.3828125
0 0.79453125 0.5953125 0.1046875 0.36875
1 0.31171875 0.50390625 0.0640625 0.178125
1 0.46328125 0.50859375 0.0515625 0.1859375
1 0.6328125 0.51328125 0.0625 0.1921875
1 0.803125 0.5203125 0.0703125 0.1953125