0 0.06171875 0.57578125 0.0609375 0.334375
0 0.1171875 0.5921875 0.059375 0.3921875
0 0.1828125 0.559375 0.0765625 0.309375
0 0.3296875 0.5578125 0.075 0.31875
0 0.44140625 0.57890625 0.071875 0.3578125
0 0.4828125 0.56015625 0.0484375 0.3125
0 0.640625 0.5515625 0.0765625 0.365625
0 0.8296875 0.5578125 0.078125 0.35625
1 0.8109375 0.48828125 0.05625 0.175
1 0.6546875 0.49296875 0.0578125 0.1703125
1 0.49375 0.49765625 0.0515625 0.16875
1 0.36015625 0.4953125 0.0484375 0.1625
1 0.21953125 0.50234375 0.0484375 0.1609375