0 0.16953125 0.7 0.1171875 0.5203125
0 0.25078125 0.70234375 0.15625 0.5421875
0 0.37890625 0.6296875 0.1328125 0.4953125
0 0.44375 0.59296875 0.109375 0.4390625
0 0.57265625 0.625 0.1703125 0.55
0 0.6296875 0.53359375 0.0859375 0.315625
0 0.73515625 0.5453125 0.103125 0.34375
0 0.79453125 0.50859375 0.0671875 0.2921875
0 0.83359375 0.53515625 0.103125 0.40625
0 0.90234375 0.51796875 0.0890625 0.334375
1 0.68671875 0.4640625 0.053125 0.1546875
1 0.58984375 0.48125 0.05625 0.18125
1 0.46015625 0.49765625 0.0671875 0.1859375
1 0.3125 0.5203125 0.0796875 0.2109375
1 0.121875 0.55234375 0.1046875 0.2453125