0 0.8296875 0.57890625 0.11875 0.4125
0 0.04296875 0.5 0.0859375 0.375
0 0.12265625 0.51640625 0.0984375 0.334375
0 0.3234375 0.5234375 0.0953125 0.35625
0 0.46875 0.5265625 0.1078125 0.409375
0 0.63984375 0.565625 0.1125 0.38125
0 0.39609375 0.54296875 0.11875 0.475
0 0.22734375 0.5171875 0.1390625 0.4171875
1 0.153125 0.43671875 0.078125 0.1875
1 0.3171875 0.45078125 0.075 0.1890625
1 0.47265625 0.46953125 0.0734375 0.1953125
1 0.659375 0.4875 0.071875 0.1890625
1 0.8390625 0.50546875 0.0796875 0.2015625