0 0.11953125 0.64453125 0.146875 0.4296875
0 0.2140625 0.60625 0.153125 0.3984375
0 0.3953125 0.56171875 0.11875 0.3390625
0 0.453125 0.596875 0.1546875 0.5046875
0 0.5859375 0.55390625 0.15 0.4375
0 0.64921875 0.51015625 0.134375 0.4125
0 0.6984375 0.48203125 0.1171875 0.3078125
0 0.821875 0.44765625 0.1046875 0.3125
0 0.90703125 0.4421875 0.11875 0.353125
1 0.1921875 0.52578125 0.1 0.209375
1 0.36953125 0.48515625 0.0859375 0.1921875
1 0.51015625 0.45234375 0.0734375 0.18125
1 0.7640625 0.390625 0.071875 0.159375