0 0.184375 0.721875 0.153125 0.5203125
0 0.265625 0.71875 0.1921875 0.54375
0 0.3875 0.63828125 0.1671875 0.4953125
0 0.45078125 0.596875 0.1390625 0.4390625
0 0.58125 0.61953125 0.2078125 0.553125
0 0.63203125 0.52421875 0.10625 0.315625
0 0.7375 0.52890625 0.1265625 0.3453125
0 0.79453125 0.4875 0.0859375 0.2921875
0 0.83515625 0.51171875 0.13125 0.40625
0 0.903125 0.48984375 0.1109375 0.334375
1 0.684375 0.45078125 0.0640625 0.1546875
1 0.58828125 0.475 0.0671875 0.18125
1 0.46015625 0.50078125 0.0796875 0.1875
1 0.31484375 0.53359375 0.0921875 0.2125
1 0.1265625 0.578125 0.1203125 0.25