0 0.83828125 0.484375 0.146875 0.4140625
0 0.0578125 0.62890625 0.115625 0.3765625
0 0.1421875 0.61953125 0.121875 0.3359375
0 0.33671875 0.571875 0.1203125 0.3578125
0 0.47734375 0.534375 0.134375 0.4109375
0 0.65234375 0.525 0.1390625 0.3828125
0 0.4125 0.5703125 0.15 0.475
0 0.2421875 0.59140625 0.165625 0.4203125
1 0.14921875 0.53515625 0.0890625 0.190625
1 0.3109375 0.503125 0.0875 0.190625
1 0.465625 0.478125 0.0859375 0.1984375
1 0.65 0.44453125 0.084375 0.1921875
1 0.82734375 0.4125 0.09375 0.203125