0 0.10078125 0.5765625 0.075 0.425
0 0.2 0.55546875 0.0875 0.3921875
0 0.3859375 0.54296875 0.0625 0.3359375
0 0.43671875 0.58671875 0.06875 0.503125
0 0.57578125 0.56796875 0.0765625 0.434375
0 0.6453125 0.5359375 0.0640625 0.4109375
0 0.6984375 0.5171875 0.065625 0.303125
0 0.82578125 0.5046875 0.0515625 0.309375
0 0.91015625 0.5140625 0.059375 0.35
1 0.1921875 0.471875 0.0671875 0.203125
1 0.37421875 0.46328125 0.0546875 0.1875
1 0.51796875 0.45546875 0.0421875 0.178125
1 0.7796875 0.43828125 0.0453125 0.1546875