0 0.07578125 0.5640625 0.1 0.35625
0 0.1546875 0.56875 0.096875 0.303125
0 0.30625 0.575 0.1015625 0.3328125
0 0.45 0.58203125 0.10625 0.33125
0 0.53828125 0.60234375 0.1 0.3578125
0 0.6140625 0.6109375 0.1 0.309375
0 0.7703125 0.61484375 0.1015625 0.3578125
0 0.8234375 0.6171875 0.078125 0.3171875
1 0.18203125 0.49453125 0.0671875 0.1671875
1 0.328125 0.50390625 0.0734375 0.178125
1 0.4703125 0.51484375 0.0671875 0.1734375
1 0.63671875 0.5265625 0.065625 0.18125
1 0.8 0.53359375 0.0734375 0.16875