0 0.125 0.5609375 0.0890625 0.4203125
0 0.1734375 0.56015625 0.059375 0.3265625
0 0.2390625 0.5546875 0.0921875 0.415625
0 0.33984375 0.56171875 0.0859375 0.35625
0 0.496875 0.55625 0.0765625 0.3734375
0 0.56796875 0.56953125 0.09375 0.353125
0 0.64765625 0.56953125 0.0828125 0.40625
0 0.7140625 0.5671875 0.0796875 0.3796875
0 0.9078125 0.57421875 0.1078125 0.384375
1 0.87578125 0.49765625 0.053125 0.196875
1 0.70390625 0.48984375 0.0625 0.18125
1 0.51953125 0.48828125 0.0578125 0.1765625
1 0.3703125 0.48984375 0.0546875 0.1828125
1 0.2046875 0.48515625 0.04375 0.16875