0 0.071875 0.503125 0.14375 0.35625
0 0.1484375 0.5203125 0.1359375 0.3046875
0 0.29765625 0.546875 0.14375 0.334375
0 0.4390625 0.57421875 0.15 0.3328125
0 0.5234375 0.60625 0.146875 0.3578125
0 0.59765625 0.62578125 0.140625 0.3109375
0 0.7515625 0.6515625 0.1484375 0.3578125
0 0.80390625 0.6609375 0.1203125 0.315625
1 0.1859375 0.45078125 0.0875 0.1703125
1 0.3296875 0.4796875 0.0953125 0.18125
1 0.46875 0.5109375 0.0890625 0.1765625
1 0.63203125 0.5453125 0.0890625 0.1828125
1 0.7921875 0.575 0.0953125 0.171875