0 0.1203125 0.521875 0.1328125 0.425
0 0.16875 0.52578125 0.09375 0.328125
0 0.23515625 0.52734375 0.134375 0.4203125
0 0.334375 0.54453125 0.1234375 0.3609375
0 0.49140625 0.55546875 0.115625 0.3765625
0 0.56015625 0.5765625 0.1296875 0.359375
0 0.63984375 0.584375 0.1234375 0.4109375
0 0.70625 0.5890625 0.11875 0.3828125
0 0.89765625 0.61640625 0.146875 0.3921875
1 0.87421875 0.53671875 0.0734375 0.2
1 0.70390625 0.5109375 0.08125 0.184375
1 0.5203125 0.48984375 0.0765625 0.1796875
1 0.37265625 0.4765625 0.0734375 0.1859375
1 0.20859375 0.45390625 0.0609375 0.1703125