0 0.14609375 0.73046875 0.1703125 0.4265625
0 0.23203125 0.70859375 0.13125 0.371875
0 0.35234375 0.65859375 0.134375 0.353125
0 0.43984375 0.66796875 0.2078125 0.528125
0 0.55 0.5796875 0.1515625 0.365625
0 0.67265625 0.58046875 0.159375 0.4265625
0 0.78046875 0.51796875 0.14375 0.2859375
1 0.184375 0.62734375 0.1046875 0.2265625
1 0.35078125 0.56953125 0.0921875 0.1921875
1 0.48203125 0.53359375 0.0875 0.178125
1 0.60859375 0.50078125 0.0734375 0.1671875
1 0.7125 0.46953125 0.0734375 0.1546875