0 0.9015625 0.6171875 0.0828125 0.3609375
0 0.77578125 0.628125 0.071875 0.3359375
0 0.6578125 0.61015625 0.08125 0.4296875
0 0.53203125 0.5984375 0.0921875 0.440625
0 0.40078125 0.61875 0.0859375 0.415625
0 0.26328125 0.6328125 0.1 0.41875
0 0.17421875 0.6390625 0.0875 0.45625
0 0.0453125 0.6390625 0.090625 0.434375
1 0.11640625 0.51484375 0.075 0.24375
1 0.26328125 0.4453125 0.0765625 0.09375
1 0.3984375 0.44609375 0.0703125 0.075
1 0.52421875 0.446875 0.0609375 0.05
1 0.64140625 0.45859375 0.053125 0.065625
1 0.76171875 0.47265625 0.0625 0.0953125
1 0.8734375 0.52109375 0.065625 0.2
1 0.97421875 0.5265625 0.0515625 0.190625