0 0.8046875 0.6546875 0.1046875 0.609375
0 0.74453125 0.50859375 0.046875 0.2359375
0 0.703125 0.5171875 0.0625 0.3015625
0 0.6421875 0.5328125 0.0671875 0.34375
0 0.590625 0.553125 0.065625 0.3640625
0 0.52578125 0.64765625 0.1328125 0.7046875
0 0.24921875 0.6484375 0.1328125 0.59375
0 0.353125 0.6875 0.159375 0.625
1 0.17734375 0.534375 0.0734375 0.2765625
1 0.44296875 0.496875 0.05625 0.20625
1 0.5796875 0.40859375 0.0453125 0.0515625
1 0.63359375 0.40703125 0.046875 0.0421875
1 0.69453125 0.42109375 0.0453125 0.0671875
1 0.30703125 0.43515625 0.03125 0.103125