0 0.13203125 0.67890625 0.2234375 0.6421875
0 0.41171875 0.6359375 0.1953125 0.728125
0 0.39140625 0.62890625 0.1546875 0.5984375
0 0.6421875 0.540625 0.1125 0.425
0 0.915625 0.4546875 0.0921875 0.3109375
1 0.08359375 0.39765625 0.1265625 0.128125
1 0.31171875 0.4796875 0.1203125 0.303125
1 0.46328125 0.45390625 0.0921875 0.265625
1 0.57265625 0.4375 0.0859375 0.2390625
1 0.6671875 0.42109375 0.065625 0.2140625
1 0.7390625 0.41171875 0.06875 0.184375
1 0.80234375 0.4015625 0.0640625 0.175
1 0.8546875 0.38828125 0.059375 0.165625