1 0.66484375 0.4109375 0.075 0.1796875
1 0.17421875 0.34140625 0.0921875 0.2234375
1 0.32265625 0.2921875 0.071875 0.0734375
1 0.45 0.3125 0.065625 0.0640625
1 0.56796875 0.34453125 0.0609375 0.0875
1 0.7734375 0.42265625 0.065625 0.175
1 0.8765625 0.36796875 0.0375 0.040625
1 0.95859375 0.45078125 0.0578125 0.175
0 0.8796875 0.52109375 0.134375 0.434375
0 0.79375 0.51171875 0.103125 0.3515625
0 0.5625 0.48515625 0.1046875 0.353125
0 0.4328125 0.465625 0.1140625 0.4109375
0 0.31328125 0.4578125 0.109375 0.4
0 0.25546875 0.4609375 0.1453125 0.4796875
0 0.13046875 0.43515625 0.1390625 0.3984375