0 0.05625 0.47109375 0.103125 0.403125
0 0.43359375 0.52421875 0.0703125 0.3234375
0 0.496875 0.53515625 0.065625 0.3484375
0 0.73984375 0.51796875 0.0953125 0.4140625
0 0.8734375 0.53125 0.0796875 0.3953125
1 0.10859375 0.39609375 0.078125 0.203125
1 0.2375 0.40625 0.075 0.1984375
1 0.359375 0.41875 0.06875 0.19375
1 0.47890625 0.38359375 0.0671875 0.1171875
1 0.59765625 0.4359375 0.06875 0.1921875
1 0.7171875 0.4359375 0.0578125 0.190625
1 0.83828125 0.4453125 0.0609375 0.1859375
1 0.96484375 0.4546875 0.0625 0.190625