0 0.24765625 0.63828125 0.2046875 0.4625
0 0.49140625 0.59609375 0.1390625 0.353125
0 0.559375 0.57421875 0.1390625 0.3671875
0 0.7625 0.49375 0.165625 0.3765625
0 0.8890625 0.45 0.1546875 0.3671875
1 0.07421875 0.5796875 0.13125 0.2390625
1 0.203125 0.4640625 0.0921875 0.0828125
1 0.478125 0.43046875 0.0796875 0.115625
1 0.36328125 0.50703125 0.1140625 0.2140625
1 0.6046875 0.44921875 0.1015625 0.2046875
1 0.7125 0.41953125 0.1 0.2046875
1 0.82109375 0.390625 0.0953125 0.1984375
1 0.91796875 0.36796875 0.0859375 0.1859375