0 0.11015625 0.6375 0.13359375 0.65234375
0 0.39296875 0.625 0.09453125 0.72734375
0 0.37421875 0.6125 0.07265625 0.59375
0 0.63515625 0.56015625 0.05390625 0.42109375
0 0.91796875 0.51328125 0.05078125 0.30625
1 0.1015625 0.340625 0.1125 0.11328125
1 0.31640625 0.45390625 0.08046875 0.2953125
1 0.4703125 0.44921875 0.05625 0.2609375
1 0.58046875 0.4484375 0.0546875 0.23359375
1 0.6765625 0.4453125 0.03671875 0.21171875
1 0.74921875 0.44609375 0.04453125 0.18046875
1 0.81328125 0.44453125 0.03984375 0.171875
1 0.86640625 0.4390625 0.03671875 0.16171875