0 0.08984375 0.42421875 0.125 0.3140625
0 0.3875 0.5140625 0.125 0.3265625
0 0.4890625 0.54765625 0.128125 0.3265625
0 0.6078125 0.56875 0.140625 0.3640625
0 0.74609375 0.61171875 0.1578125 0.3859375
0 0.87578125 0.65625 0.15 0.36875
1 0.15625 0.37265625 0.084375 0.1625
1 0.2421875 0.39765625 0.0828125 0.1703125
1 0.3296875 0.41953125 0.084375 0.1703125
1 0.43671875 0.44375 0.0703125 0.171875
1 0.53125 0.4671875 0.0796875 0.1765625
1 0.6515625 0.4265625 0.071875 0.0734375
1 0.759375 0.4546875 0.04375 0.0703125
1 0.89609375 0.5046875 0.0796875 0.0984375