0 0.08359375 0.51875 0.05703125 0.309375
0 0.39375 0.5390625 0.053125 0.3234375
0 0.5 0.54921875 0.05625 0.32265625
0 0.6203125 0.54296875 0.06171875 0.35859375
0 0.76484375 0.553125 0.075 0.378125
0 0.9015625 0.56796875 0.06953125 0.3625
1 0.13671875 0.453125 0.05 0.15546875
1 0.22578125 0.45859375 0.04765625 0.1640625
1 0.31640625 0.46015625 0.0484375 0.16328125
1 0.42578125 0.459375 0.03359375 0.16875
1 0.5234375 0.4609375 0.0421875 0.171875
1 0.63125 0.39453125 0.059375 0.06171875
1 0.74296875 0.39765625 0.0296875 0.06484375
1 0.88671875 0.415625 0.0625 0.08671875