1 0.278125 0.359375 0.0703125 0.065625
1 0.40546875 0.37734375 0.059375 0.0484375
1 0.49921875 0.46015625 0.0640625 0.1765625
1 0.67109375 0.4765625 0.0609375 0.1578125
1 0.7546875 0.484375 0.05 0.15625
1 0.8171875 0.4890625 0.0484375 0.140625
1 0.8734375 0.496875 0.05 0.1421875
0 0.91484375 0.553125 0.0859375 0.2828125
0 0.24609375 0.52578125 0.1265625 0.4453125
0 0.40234375 0.5296875 0.128125 0.3984375
0 0.5140625 0.53359375 0.096875 0.38125
0 0.5796875 0.60703125 0.15625 0.6390625
0 0.721875 0.3921875 0.053125 0.084375
0 0.69375 0.625 0.115625 0.4203125
0 0.77890625 0.56640625 0.084375 0.2890625