1 0.259375 0.5171875 0.0703125 0.15
1 0.37578125 0.48203125 0.0796875 0.1734375
1 0.4515625 0.4609375 0.09375 0.190625
1 0.54140625 0.43984375 0.103125 0.2171875
1 0.66484375 0.39765625 0.125 0.2453125
1 0.815625 0.35703125 0.1515625 0.2859375
0 0.17890625 0.59140625 0.1078125 0.2578125
0 0.23359375 0.58671875 0.1078125 0.2734375
0 0.32265625 0.5828125 0.1375 0.365625
0 0.35 0.55390625 0.1296875 0.35
0 0.43671875 0.56328125 0.1359375 0.35
0 0.53671875 0.51328125 0.15625 0.4234375
0 0.65625 0.54453125 0.1953125 0.5140625
0 0.80703125 0.51171875 0.1875 0.4828125