0 0.90703125 0.50546875 0.1265625 0.3953125
0 0.096875 0.55234375 0.078125 0.296875
0 0.14140625 0.57890625 0.10625 0.384375
0 0.20390625 0.54375 0.096875 0.315625
0 0.25546875 0.53125 0.071875 0.2859375
0 0.2796875 0.5390625 0.075 0.2953125
0 0.3453125 0.6125 0.115625 0.3546875
0 0.3390625 0.43828125 0.059375 0.1109375
0 0.4109375 0.47890625 0.0625 0.2046875
0 0.45 0.521875 0.0859375 0.3546875
0 0.50859375 0.525 0.08125 0.3390625
0 0.53671875 0.5359375 0.0875 0.353125
0 0.5953125 0.55 0.115625 0.3921875
0 0.6390625 0.5171875 0.103125 0.35625
0 0.75703125 0.51640625 0.109375 0.38125
1 0.8671875 0.35703125 0.053125 0.0703125
1 0.2203125 0.4234375 0.0359375 0.04375
1 0.29140625 0.42890625 0.0484375 0.0734375
1 0.37109375 0.46171875 0.0609375 0.1671875
1 0.44921875 0.41875 0.046875 0.078125
1 0.53984375 0.403125 0.0421875 0.0703125
1 0.65546875 0.44453125 0.0515625 0.178125
1 0.771875 0.43359375 0.0609375 0.1953125