1 0.23359375 0.3359375 0.059375 0.0515625
1 0.31875 0.4125 0.0734375 0.159375
1 0.41953125 0.36953125 0.0359375 0.0421875
1 0.503125 0.41328125 0.06875 0.090625
1 0.60390625 0.4234375 0.0546875 0.0578125
1 0.703125 0.4515625 0.0625 0.078125
1 0.8015625 0.4671875 0.046875 0.0734375
1 0.8953125 0.540625 0.075 0.165625
0 0.0703125 0.4453125 0.1046875 0.30625
0 0.128125 0.45625 0.121875 0.3359375
0 0.20859375 0.4734375 0.1484375 0.3796875
0 0.2828125 0.48046875 0.1015625 0.284375
0 0.37578125 0.490625 0.09375 0.303125
0 0.409375 0.521875 0.1390625 0.403125
0 0.51328125 0.5703125 0.1109375 0.3390625
0 0.57890625 0.5375 0.1140625 0.315625
0 0.6765625 0.58046875 0.1125 0.3015625
0 0.7625 0.6046875 0.121875 0.3328125
0 0.80625 0.58125 0.1125 0.3203125
0 0.8984375 0.6296875 0.11875 0.30625