0 0.0828125 0.6359375 0.1046875 0.3078125
0 0.15 0.61328125 0.0875 0.275
0 0.20546875 0.5765625 0.08125 0.2625
0 0.2421875 0.59765625 0.0765625 0.2703125
0 0.27421875 0.60234375 0.10625 0.340625
0 0.33359375 0.5828125 0.1 0.290625
0 0.378125 0.56953125 0.08125 0.2546875
0 0.44140625 0.54296875 0.103125 0.328125
0 0.5328125 0.53359375 0.0984375 0.3015625
0 0.584375 0.5734375 0.146875 0.396875
0 0.66640625 0.55234375 0.109375 0.3125
0 0.77734375 0.53125 0.14375 0.4390625
0 0.81015625 0.5125 0.121875 0.378125
0 0.92421875 0.50703125 0.13125 0.3890625
1 0.3046875 0.4625 0.0546875 0.065625
1 0.38828125 0.49921875 0.0640625 0.159375
1 0.47109375 0.48515625 0.0734375 0.16875
1 0.54140625 0.415625 0.0390625 0.05625
1 0.66640625 0.45390625 0.078125 0.1765625
1 0.79140625 0.3671875 0.0359375 0.0625
1 0.9078125 0.35234375 0.075 0.08125