0 0.071875 0.5609375 0.0765625 0.31875
0 0.15625 0.45 0.0265625 0.071875
0 0.1890625 0.56171875 0.06875 0.3125
0 0.24140625 0.5484375 0.040625 0.2734375
0 0.278125 0.56015625 0.0703125 0.353125
0 0.3390625 0.553125 0.0609375 0.2875
0 0.4109375 0.5859375 0.084375 0.315625
0 0.5203125 0.56171875 0.065625 0.309375
0 0.6296875 0.56171875 0.0640625 0.31875
0 0.75546875 0.56796875 0.0890625 0.3390625
0 0.87890625 0.58125 0.0546875 0.340625
0 0.93359375 0.6015625 0.10625 0.409375
1 0.21015625 0.4875 0.03125 0.140625
1 0.29296875 0.4875 0.025 0.14375
1 0.36640625 0.45859375 0.0328125 0.0875
1 0.45234375 0.49140625 0.04375 0.146875
1 0.54609375 0.49140625 0.04375 0.15625
1 0.646875 0.45390625 0.0375 0.0890625
1 0.73671875 0.42890625 0.0390625 0.0484375
1 0.86953125 0.43984375 0.0609375 0.075