0 0.25 0.5375 0.0609375 0.2890625
0 0.29609375 0.51015625 0.0484375 0.3359375
0 0.34375 0.52265625 0.09375 0.3953125
0 0.471875 0.58203125 0.065625 0.3703125
0 0.646875 0.58828125 0.08125 0.440625
0 0.503125 0.5171875 0.05 0.3453125
0 0.60703125 0.49921875 0.0453125 0.3015625
0 0.58359375 0.5015625 0.059375 0.290625
0 0.72265625 0.4984375 0.0578125 0.2890625
0 0.81328125 0.49765625 0.059375 0.2609375
0 0.89921875 0.53828125 0.059375 0.3265625
1 0.29609375 0.3828125 0.053125 0.0515625
1 0.44375 0.43828125 0.046875 0.159375
1 0.5625 0.43828125 0.0453125 0.15625
1 0.68359375 0.43984375 0.0359375 0.1375
1 0.7828125 0.43203125 0.0421875 0.1265625