0 0.25078125 0.5421875 0.05546875 0.2875
0 0.29609375 0.5140625 0.04296875 0.33515625
0 0.34453125 0.525 0.0875 0.39453125
0 0.4734375 0.5828125 0.05859375 0.36953125
0 0.6484375 0.5859375 0.07421875 0.43984375
0 0.503125 0.5171875 0.04453125 0.3453125
0 0.60703125 0.49765625 0.040625 0.3015625
0 0.58359375 0.5 0.0546875 0.2890625
0 0.72265625 0.49453125 0.05234375 0.2875
0 0.81328125 0.4921875 0.0546875 0.26015625
0 0.9 0.53125 0.053125 0.325
1 0.29375 0.38671875 0.05234375 0.05
1 0.44296875 0.4390625 0.04375 0.159375
1 0.56171875 0.4375 0.0421875 0.15546875
1 0.6828125 0.43671875 0.03359375 0.13671875
1 0.78125 0.42734375 0.040625 0.1265625