1 0.159375 0.521875 0.059375 0.16953125
1 0.30625 0.52109375 0.05234375 0.15390625
1 0.4546875 0.4640625 0.06015625 0.0734375
1 0.60859375 0.51171875 0.05 0.1640625
1 0.75859375 0.4671875 0.0671875 0.071875
0 0.1265625 0.5828125 0.07265625 0.32890625
0 0.21484375 0.596875 0.0703125 0.3296875
0 0.29921875 0.590625 0.07890625 0.31015625
0 0.42265625 0.59921875 0.05390625 0.30390625
0 0.46796875 0.584375 0.0609375 0.32890625
0 0.59765625 0.57578125 0.0796875 0.353125
0 0.728125 0.59453125 0.059375 0.31796875
0 0.79453125 0.596875 0.06015625 0.3078125