0 0.1453125 0.47890625 0.134375 0.378125
0 0.08515625 0.49375 0.1125 0.3328125
0 0.29765625 0.49453125 0.115625 0.3296875
0 0.3484375 0.5390625 0.121875 0.3484375
0 0.39375 0.5046875 0.1 0.278125
0 0.44375 0.49375 0.0921875 0.296875
0 0.4984375 0.51796875 0.1078125 0.3171875
0 0.56484375 0.49921875 0.0953125 0.265625
0 0.62890625 0.515625 0.1 0.31875
0 0.6515625 0.52265625 0.06875 0.2234375
0 0.73671875 0.53828125 0.1015625 0.2703125
1 0.12578125 0.3296875 0.0453125 0.0625
1 0.2890625 0.41328125 0.084375 0.178125
1 0.4171875 0.428125 0.071875 0.1609375
1 0.53515625 0.41015625 0.05625 0.1046875
1 0.62734375 0.45078125 0.0578125 0.13125