0 0.1578125 0.56171875 0.15625 0.3796875
0 0.23046875 0.58515625 0.1671875 0.40625
0 0.31953125 0.5796875 0.125 0.33125
0 0.37890625 0.6125 0.121875 0.2921875
0 0.44140625 0.5890625 0.121875 0.28125
0 0.4953125 0.6125 0.1203125 0.2984375
0 0.54765625 0.603125 0.1015625 0.265625
0 0.59140625 0.61484375 0.0921875 0.25
0 0.65703125 0.63125 0.1 0.271875
0 0.621875 0.61484375 0.0796875 0.228125
0 0.71953125 0.64453125 0.1265625 0.33125
1 0.1484375 0.46953125 0.096875 0.203125
1 0.30234375 0.49453125 0.0890625 0.1796875
1 0.41640625 0.51171875 0.0765625 0.1625
1 0.52109375 0.52734375 0.0671875 0.14375
1 0.60234375 0.5453125 0.0609375 0.1375