0 0.09375 0.5734375 0.109375 0.45625
0 0.1640625 0.58984375 0.1453125 0.5171875
0 0.27265625 0.63984375 0.184375 0.6171875
0 0.3375 0.39609375 0.059375 0.0875
0 0.43203125 0.66953125 0.165625 0.653125
0 0.52421875 0.63359375 0.125 0.5078125
0 0.58515625 0.46328125 0.0640625 0.16875
0 0.63828125 0.559375 0.0953125 0.3265625
0 0.73046875 0.58203125 0.096875 0.3796875
0 0.83671875 0.57265625 0.0921875 0.315625
0 0.92109375 0.5796875 0.084375 0.2921875
1 0.08828125 0.45703125 0.1046875 0.253125
1 0.2875 0.40390625 0.075 0.090625
1 0.41484375 0.47109375 0.078125 0.1828125
1 0.53046875 0.4359375 0.0515625 0.0765625
1 0.60546875 0.46484375 0.0453125 0.1171875