0 0.0890625 0.44921875 0.14375 0.3609375
0 0.1734375 0.453125 0.15625 0.3546875
0 0.25546875 0.478125 0.165625 0.3703125
0 0.321875 0.4828125 0.1203125 0.29375
0 0.46484375 0.51328125 0.134375 0.3125
0 0.596875 0.5328125 0.1203125 0.2890625
0 0.73828125 0.55546875 0.125 0.2765625
0 0.83515625 0.628125 0.1671875 0.434375
1 0.15859375 0.38125 0.075 0.175
1 0.3328125 0.37734375 0.0640625 0.090625
1 0.46171875 0.434375 0.0796875 0.1640625
1 0.60546875 0.465625 0.0796875 0.159375
1 0.72109375 0.478125 0.071875 0.1453125