0 0.1046875 0.61953125 0.0734375 0.409375
0 0.1453125 0.5875 0.06875 0.378125
0 0.23671875 0.59375 0.1109375 0.4828125
0 0.32109375 0.61171875 0.1015625 0.5390625
0 0.42265625 0.571875 0.0828125 0.378125
0 0.49453125 0.56171875 0.0828125 0.375
0 0.5484375 0.5140625 0.059375 0.284375
0 0.6109375 0.509375 0.0609375 0.3171875
0 0.64140625 0.48671875 0.05 0.2640625
0 0.70703125 0.43359375 0.04375 0.1390625
0 0.7421875 0.51484375 0.0734375 0.325
0 0.815625 0.50546875 0.1 0.365625
0 0.86953125 0.41796875 0.05625 0.1765625
0 0.9171875 0.5234375 0.0828125 0.384375
1 0.496875 0.4203125 0.0453125 0.0796875
1 0.584375 0.4484375 0.0421875 0.1390625
1 0.3875 0.46796875 0.05625 0.16875
1 0.265625 0.4109375 0.046875 0.05
1 0.09296875 0.44609375 0.065625 0.1015625