0 0.21171875 0.68671875 0.0828125 0.4953125
0 0.3421875 0.7 0.0890625 0.5421875
0 0.39296875 0.6390625 0.0828125 0.459375
0 0.71796875 0.62890625 0.06875 0.403125
0 0.77109375 0.65234375 0.090625 0.4453125
0 0.6203125 0.6234375 0.078125 0.3640625
0 0.565625 0.678125 0.071875 0.4921875
0 0.45859375 0.65390625 0.059375 0.3953125
0 0.51015625 0.48515625 0.05625 0.08125
0 0.49609375 0.68515625 0.0890625 0.43125
1 0.1484375 0.55546875 0.084375 0.278125
1 0.315625 0.54921875 0.0671875 0.240625
1 0.44140625 0.4921875 0.053125 0.1125
1 0.55 0.53984375 0.0328125 0.19375
1 0.64296875 0.4828125 0.0328125 0.0609375