0 0.16796875 0.4328125 0.1015625 0.1328125
0 0.1640625 0.709375 0.109375 0.578125
0 0.2703125 0.659375 0.1 0.571875
0 0.39296875 0.66640625 0.14375 0.665625
0 0.41171875 0.40703125 0.0625 0.0578125
0 0.4953125 0.603125 0.090625 0.5046875
0 0.57421875 0.56484375 0.078125 0.3828125
0 0.728125 0.59609375 0.109375 0.571875
0 0.79921875 0.5171875 0.0578125 0.325
0 0.875 0.5390625 0.0921875 0.4234375
1 0.75234375 0.390625 0.0359375 0.05
1 0.646875 0.4640625 0.0546875 0.184375
1 0.52265625 0.421875 0.0328125 0.084375
1 0.3421875 0.4125 0.0203125 0.04375
1 0.1515625 0.4515625 0.0890625 0.13125