0 0.08984375 0.55234375 0.13125 0.45625
0 0.159375 0.57265625 0.171875 0.5171875
0 0.265625 0.62734375 0.215625 0.61875
0 0.34296875 0.3875 0.0640625 0.0890625
0 0.4234375 0.665625 0.1984375 0.6515625
0 0.5171875 0.63515625 0.15 0.5078125
0 0.58671875 0.46796875 0.071875 0.16875
0 0.63515625 0.56640625 0.1125 0.3265625
0 0.7265625 0.59375 0.115625 0.3796875
0 0.83203125 0.590625 0.1078125 0.315625
0 0.915625 0.6015625 0.0984375 0.2921875
1 0.090625 0.4359375 0.1171875 0.2546875
1 0.29296875 0.39296875 0.0796875 0.09375
1 0.41640625 0.4671875 0.0875 0.184375
1 0.53359375 0.4375 0.0546875 0.078125
1 0.6078125 0.4703125 0.0515625 0.1171875