0 0.17734375 0.5890625 0.1 0.275
0 0.215625 0.56484375 0.13125 0.3203125
0 0.3640625 0.5375 0.115625 0.290625
0 0.46640625 0.5140625 0.1015625 0.2703125
0 0.50703125 0.49140625 0.103125 0.284375
0 0.54453125 0.50234375 0.115625 0.3125
0 0.628125 0.48515625 0.1328125 0.334375
0 0.690625 0.45703125 0.115625 0.3171875
0 0.6453125 0.45625 0.0921875 0.2765625
0 0.7546875 0.43125 0.109375 0.26875
1 0.20234375 0.49921875 0.0859375 0.16875
1 0.340625 0.4234375 0.053125 0.06875
1 0.46328125 0.39609375 0.05 0.071875
1 0.60078125 0.365625 0.0515625 0.0828125
1 0.725 0.371875 0.0703125 0.15