0 0.26171875 0.5703125 0.1375 0.38125
0 0.3234375 0.56484375 0.1203125 0.3765625
0 0.409375 0.5890625 0.1515625 0.45
0 0.45390625 0.575 0.0859375 0.2859375
0 0.53828125 0.58671875 0.1203125 0.365625
0 0.62265625 0.55625 0.09375 0.2875
0 0.63984375 0.6328125 0.1390625 0.38125
0 0.6984375 0.58515625 0.0890625 0.2734375
0 0.76171875 0.603125 0.096875 0.315625
0 0.78984375 0.61640625 0.08125 0.2640625
0 0.7625 0.490625 0.0453125 0.0484375
1 0.65703125 0.46875 0.0375 0.0375
1 0.59296875 0.4875 0.0484375 0.1046875
1 0.51171875 0.49765625 0.0640625 0.159375
1 0.4296875 0.42109375 0.0390625 0.05625
1 0.2984375 0.41328125 0.075 0.0984375