0 0.14140625 0.69375 0.1984375 0.4921875
0 0.196875 0.6484375 0.125 0.359375
0 0.2609375 0.6765625 0.13125 0.3375
0 0.359375 0.6234375 0.1125 0.3484375
0 0.3890625 0.63046875 0.1484375 0.43125
0 0.45703125 0.7015625 0.184375 0.4625
0 0.52890625 0.57734375 0.1125 0.3265625
0 0.5734375 0.58046875 0.1296875 0.353125
0 0.63046875 0.56328125 0.15 0.4046875
0 0.69921875 0.54296875 0.0921875 0.2828125
0 0.74375 0.553125 0.11875 0.321875
0 0.8203125 0.54375 0.14375 0.3671875
0 0.83203125 0.49453125 0.0890625 0.2546875
0 0.87578125 0.44609375 0.1015625 0.271875
0 0.92734375 0.51796875 0.1453125 0.4609375
1 0.16640625 0.5109375 0.065625 0.071875
1 0.33515625 0.48359375 0.04375 0.075
1 0.49609375 0.5078125 0.0734375 0.175
1 0.6515625 0.4671875 0.075 0.1671875
1 0.76953125 0.39765625 0.0609375 0.08125