0 0.84375 0.59375 0.0453125 0.2828125
0 0.709375 0.60390625 0.05 0.30625
0 0.61484375 0.58203125 0.05 0.29375
0 0.4390625 0.6234375 0.0765625 0.3859375
0 0.37421875 0.609375 0.05 0.296875
0 0.3234375 0.65546875 0.0625 0.43125
0 0.19921875 0.496875 0.053125 0.115625
0 0.17578125 0.66796875 0.059375 0.415625
0 0.12578125 0.67578125 0.06875 0.50625
1 0.1828125 0.4890625 0.0390625 0.065625
1 0.3484375 0.48125 0.0375 0.053125
1 0.465625 0.534375 0.0453125 0.153125
1 0.5765625 0.525 0.0375 0.1375
1 0.66328125 0.51953125 0.0375 0.125