0 0.30625 0.609375 0.125 0.4765625
0 0.4484375 0.63828125 0.1234375 0.453125
0 0.4 0.3890625 0.05625 0.0703125
0 0.840625 0.47578125 0.096875 0.34375
0 0.7875 0.5140625 0.1109375 0.4203125
0 0.6953125 0.51953125 0.109375 0.390625
0 0.52109375 0.55703125 0.0828125 0.3484375
0 0.62109375 0.4953125 0.090625 0.3484375
0 0.5515625 0.57421875 0.1109375 0.4234375
0 0.60546875 0.6 0.115625 0.4484375
0 0.55078125 0.37890625 0.05 0.0640625
1 0.20703125 0.52734375 0.096875 0.25625
1 0.3484375 0.49609375 0.08125 0.2234375
1 0.44921875 0.471875 0.0671875 0.1921875
1 0.53203125 0.3765625 0.0375 0.0390625
1 0.59921875 0.36796875 0.0265625 0.0234375