0 0.309375 0.56875 0.1375 0.4734375
0 0.40078125 0.57734375 0.128125 0.4203125
0 0.48984375 0.559375 0.1296875 0.453125
0 0.5765625 0.58125 0.1046875 0.3578125
0 0.5875 0.56796875 0.103125 0.39375
0 0.66953125 0.44296875 0.05 0.1125
0 0.67734375 0.603125 0.090625 0.371875
0 0.725 0.59296875 0.1125 0.425
0 0.7890625 0.59375 0.090625 0.35
1 0.2578125 0.43671875 0.1 0.2703125
1 0.42109375 0.38359375 0.059375 0.096875
1 0.53125 0.39765625 0.0484375 0.05625
1 0.621875 0.48984375 0.0578125 0.19375
1 0.7125 0.4203125 0.034375 0.0234375