0 0.1 0.5375 0.071875 0.434375
0 0.15 0.52265625 0.059375 0.3375
0 0.33984375 0.52421875 0.0609375 0.3546875
0 0.3671875 0.51953125 0.05625 0.328125
0 0.5171875 0.49140625 0.046875 0.353125
0 0.57421875 0.51328125 0.0640625 0.425
0 0.6953125 0.51171875 0.05625 0.2890625
0 0.76875 0.509375 0.06875 0.3625
0 0.8625 0.48984375 0.065625 0.35
0 0.88515625 0.48125 0.0484375 0.325
1 0.1625 0.42265625 0.0546875 0.196875
1 0.346875 0.421875 0.053125 0.1921875
1 0.509375 0.4171875 0.0515625 0.18125
1 0.67890625 0.415625 0.0484375 0.178125
1 0.83046875 0.41015625 0.0515625 0.171875