0 0.10546875 0.7234375 0.1328125 0.315625
0 0.14453125 0.66953125 0.1375 0.346875
0 0.2015625 0.67265625 0.1765625 0.4421875
0 0.27421875 0.6421875 0.16875 0.4109375
0 0.31640625 0.64140625 0.13125 0.33125
0 0.43515625 0.60078125 0.1609375 0.384375
0 0.48203125 0.590625 0.1390625 0.334375
0 0.6109375 0.5484375 0.15 0.3734375
0 0.66171875 0.540625 0.1484375 0.38125
0 0.80859375 0.49921875 0.1625 0.3703125
1 0.15234375 0.53125 0.059375 0.046875
1 0.32265625 0.5625 0.0984375 0.1828125
1 0.46796875 0.51875 0.0890625 0.1890625
1 0.61171875 0.40234375 0.0625 0.0578125
1 0.7765625 0.35859375 0.071875 0.0671875