0 0.08125 0.6734375 0.096875 0.3171875
0 0.1265625 0.625 0.096875 0.3484375
0 0.1828125 0.63515625 0.125 0.4453125
0 0.25859375 0.61328125 0.121875 0.4140625
0 0.30078125 0.61796875 0.0921875 0.3328125
0 0.42265625 0.5921875 0.115625 0.3859375
0 0.47109375 0.5875 0.1 0.3359375
0 0.60390625 0.56171875 0.10625 0.3765625
0 0.65546875 0.56015625 0.1046875 0.384375
0 0.80625 0.53671875 0.121875 0.371875
1 0.1515625 0.4890625 0.05625 0.0421875
1 0.31640625 0.53984375 0.078125 0.18125
1 0.465625 0.51484375 0.0671875 0.1890625
1 0.6234375 0.41640625 0.0578125 0.0515625
1 0.7921875 0.39375 0.0671875 0.0609375