0 0.125 0.47578125 0.053125 0.171875
0 0.15078125 0.6640625 0.0640625 0.515625
0 0.22578125 0.6765625 0.090625 0.534375
0 0.33125 0.54609375 0.03125 0.2609375
0 0.36640625 0.61640625 0.071875 0.4890625
0 0.434375 0.5875 0.0609375 0.434375
0 0.546875 0.63203125 0.0875 0.540625
0 0.62578125 0.546875 0.053125 0.3125
0 0.7140625 0.56953125 0.06875 0.3375
0 0.74921875 0.53984375 0.0359375 0.30625
0 0.79453125 0.54375 0.03125 0.290625
0 0.825 0.56953125 0.059375 0.396875
0 0.8953125 0.5625 0.046875 0.31875
1 0.68984375 0.48359375 0.0375 0.15
1 0.59140625 0.4359375 0.0375 0.06875
1 0.4609375 0.49375 0.05 0.18125
1 0.31171875 0.50078125 0.0578125 0.20625
1 0.115625 0.51328125 0.0796875 0.2390625