0 0.228125 0.64921875 0.215625 0.534375
0 0.54140625 0.51015625 0.1765625 0.43125
0 0.65859375 0.446875 0.15625 0.4453125
0 0.7609375 0.4265625 0.146875 0.4078125
0 0.84765625 0.41875 0.1234375 0.3171875
1 0.840625 0.3015625 0.0703125 0.140625
1 0.9046875 0.309375 0.075 0.16875
1 0.3609375 0.44921875 0.125 0.25625
1 0.18984375 0.43203125 0.115625 0.1609375
1 0.49140625 0.41796875 0.115625 0.2359375
1 0.59296875 0.396875 0.0828125 0.2078125
1 0.69296875 0.36328125 0.078125 0.1953125
1 0.78046875 0.34453125 0.0671875 0.1765625