1 0.071875 0.42421875 0.04453125 0.10390625
1 0.21875 0.47890625 0.053125 0.20078125
1 0.3359375 0.471875 0.04765625 0.18671875
1 0.43359375 0.46953125 0.03359375 0.17265625
1 0.515625 0.4609375 0.04140625 0.1609375
1 0.5875 0.45703125 0.03125 0.14765625
1 0.65 0.4125 0.02578125 0.05390625
0 0.70078125 0.4515625 0.025 0.13203125
0 0.11484375 0.59296875 0.0828125 0.45859375
0 0.27109375 0.565625 0.059375 0.40703125
0 0.38359375 0.540625 0.05546875 0.3765625
0 0.4734375 0.5328125 0.059375 0.33828125
0 0.553125 0.54140625 0.03671875 0.2765625
0 0.62734375 0.52109375 0.03671875 0.26875
0 0.6765625 0.50625 0.03125 0.25859375
0 0.74296875 0.4984375 0.0421875 0.26640625