0 0.21875 0.459375 0.13125 0.3625
0 0.44765625 0.4921875 0.1109375 0.35
0 0.66171875 0.5390625 0.1046875 0.321875
0 0.771875 0.56171875 0.1109375 0.3125
0 0.8421875 0.5671875 0.109375 0.3328125
1 0.1140625 0.35859375 0.09375 0.1953125
1 0.24296875 0.3203125 0.0765625 0.0828125
1 0.35078125 0.403125 0.084375 0.1859375
1 0.4671875 0.36875 0.0640625 0.0625
1 0.56484375 0.44375 0.075 0.171875
1 0.67421875 0.4109375 0.0578125 0.0734375
1 0.77109375 0.4328125 0.0546875 0.078125
1 0.86875 0.43671875 0.0640625 0.0671875