1 0.26015625 0.47578125 0.046875 0.1484375
1 0.38046875 0.4609375 0.0515625 0.171875
1 0.459375 0.453125 0.0640625 0.1875
1 0.55078125 0.44765625 0.06875 0.215625
1 0.68046875 0.428125 0.0875 0.2421875
1 0.8359375 0.4140625 0.1078125 0.2796875
0 0.16796875 0.534375 0.065625 0.2578125
0 0.22265625 0.5390625 0.0625 0.275
0 0.3109375 0.55078125 0.075 0.36875
0 0.34296875 0.52734375 0.071875 0.353125
0 0.4265625 0.55078125 0.0765625 0.353125
0 0.53359375 0.51953125 0.084375 0.428125
0 0.64609375 0.57109375 0.109375 0.51875
0 0.80078125 0.56484375 0.10625 0.4859375