0 0.10703125 0.49609375 0.0390625 0.1890625
0 0.1421875 0.58984375 0.0515625 0.278125
0 0.175 0.54296875 0.040625 0.2859375
0 0.228125 0.5796875 0.059375 0.3890625
0 0.26640625 0.54140625 0.0515625 0.3109375
0 0.32421875 0.56328125 0.0578125 0.33125
0 0.3609375 0.55390625 0.0484375 0.2796875
0 0.41640625 0.59765625 0.0640625 0.4921875
0 0.4625 0.54765625 0.040625 0.2921875
0 0.58203125 0.57578125 0.05625 0.3890625
0 0.66171875 0.54921875 0.0609375 0.30625
0 0.765625 0.55234375 0.053125 0.309375
0 0.82421875 0.57578125 0.0515625 0.359375
0 0.8828125 0.55390625 0.0625 0.3125
0 0.97734375 0.55859375 0.0453125 0.3140625
1 0.29453125 0.48046875 0.040625 0.15
1 0.37890625 0.428125 0.0453125 0.0296875
1 0.47421875 0.48515625 0.0484375 0.1484375
1 0.66015625 0.43671875 0.0484375 0.053125
1 0.746875 0.4828125 0.028125 0.1484375
1 0.84921875 0.4375 0.0390625 0.046875
1 0.190625 0.43046875 0.028125 0.0328125
1 0.5625 0.44765625 0.04375 0.05625