1 0.18359375 0.4796875 0.0609375 0.14375
1 0.25390625 0.41484375 0.053125 0.04375
1 0.3484375 0.46796875 0.065625 0.1625
1 0.434375 0.46015625 0.071875 0.1640625
1 0.54375 0.45 0.053125 0.1671875
1 0.63125 0.38515625 0.053125 0.05625
1 0.74765625 0.37265625 0.0703125 0.075
1 0.87109375 0.35 0.0703125 0.05625
0 0.15234375 0.55078125 0.0859375 0.2625
0 0.23125 0.55390625 0.078125 0.25625
0 0.2859375 0.5453125 0.10625 0.3671875
0 0.32421875 0.52265625 0.0734375 0.278125
0 0.4265625 0.528125 0.1 0.31875
0 0.5203125 0.5234375 0.103125 0.346875
0 0.6296875 0.5140625 0.1265625 0.36875
0 0.7546875 0.51328125 0.115625 0.3546875
0 0.93671875 0.55859375 0.1265625 0.4046875
0 0.9015625 0.496875 0.1203125 0.3859375