1 0.11953125 0.41015625 0.071875 0.1546875
1 0.2109375 0.4296875 0.065625 0.1546875
1 0.30078125 0.44140625 0.0671875 0.1546875
1 0.3890625 0.453125 0.0703125 0.1546875
1 0.4828125 0.46875 0.0640625 0.14375
1 0.58203125 0.4453125 0.0578125 0.078125
1 0.6796875 0.46328125 0.0578125 0.0765625
1 0.771875 0.51640625 0.0734375 0.159375
0 0.78203125 0.58671875 0.109375 0.3265625
0 0.6640625 0.58671875 0.0921875 0.2828125
0 0.5640625 0.56796875 0.1 0.290625
0 0.4578125 0.540625 0.1078125 0.3015625
0 0.35078125 0.51796875 0.103125 0.328125
0 0.26953125 0.49375 0.1 0.3109375
0 0.16796875 0.50078125 0.103125 0.26875
0 0.0671875 0.4765625 0.0890625 0.2765625