1 0.18359375 0.31640625 0.04375 0.0515625
1 0.253125 0.39296875 0.0828125 0.159375
1 0.35234375 0.36796875 0.0390625 0.05625
1 0.42421875 0.39296875 0.0421875 0.0640625
1 0.50859375 0.47265625 0.0859375 0.1671875
1 0.61953125 0.50546875 0.0734375 0.1734375
1 0.73203125 0.478125 0.071875 0.0734375
1 0.83515625 0.521875 0.05625 0.09375
0 0.0671875 0.43828125 0.134375 0.3796875
0 0.1125 0.44453125 0.125 0.334375
0 0.18046875 0.45 0.1453125 0.3828125
0 0.31953125 0.3640625 0.0546875 0.08125
0 0.2921875 0.49140625 0.115625 0.275
0 0.33125 0.53203125 0.1625 0.35
0 0.40078125 0.553125 0.15 0.3875
0 0.46484375 0.5609375 0.1171875 0.28125
0 0.61796875 0.409375 0.04375 0.0453125
0 0.56796875 0.59296875 0.1640625 0.371875
0 0.68984375 0.61484375 0.1609375 0.3640625
0 0.87421875 0.728125 0.1890625 0.465625
0 0.81953125 0.68125 0.1375 0.38125
0 0.80625 0.60859375 0.0953125 0.253125