1 0.146875 0.4046875 0.0328125 0.0453125
1 0.23359375 0.4609375 0.0453125 0.15234375
1 0.3234375 0.4109375 0.02734375 0.0515625
1 0.39921875 0.41640625 0.02734375 0.05859375
1 0.50078125 0.47109375 0.04609375 0.1609375
1 0.6171875 0.47421875 0.03046875 0.17109375
1 0.71875 0.41875 0.05859375 0.06015625
1 0.8296875 0.434375 0.03515625 0.08828125
0 0.06171875 0.55390625 0.046875 0.38046875
0 0.11171875 0.546875 0.03984375 0.3359375
0 0.178125 0.534375 0.04765625 0.3828125
0 0.290625 0.415625 0.0359375 0.07421875
0 0.296875 0.5453125 0.04765625 0.271875
0 0.3453125 0.575 0.0765625 0.34140625
0 0.41796875 0.57734375 0.0515625 0.3875
0 0.48203125 0.56796875 0.046875 0.27890625
0 0.590625 0.38203125 0.0359375 0.03671875
0 0.58984375 0.571875 0.07109375 0.36640625
0 0.71328125 0.56171875 0.0703125 0.35859375
0 0.9203125 0.6234375 0.071875 0.4625
0 0.85546875 0.5921875 0.0390625 0.384375
0 0.82421875 0.52578125 0.0296875 0.2546875