0 0.425 0.653125 0.05625 0.51953125
0 0.55703125 0.61640625 0.075 0.55078125
0 0.82734375 0.48046875 0.0375 0.28671875
0 0.76953125 0.521875 0.0609375 0.3
0 0.69609375 0.5078125 0.04765625 0.30546875
0 0.62421875 0.57421875 0.0390625 0.334375
0 0.4875 0.5828125 0.053125 0.3984375
0 0.31328125 0.57265625 0.06171875 0.3578125
0 0.14921875 0.60078125 0.0453125 0.37734375
0 0.21875 0.64140625 0.09140625 0.4828125
1 0.1515625 0.43515625 0.04609375 0.0734375
1 0.29921875 0.428125 0.05390625 0.07265625
1 0.39609375 0.4171875 0.028125 0.0546875
1 0.509375 0.40703125 0.0296875 0.05078125
1 0.58984375 0.41171875 0.0296875 0.06875
1 0.65703125 0.453125 0.03125 0.14609375
1 0.72734375 0.4 0.03125 0.04921875