0 0.27890625 0.553125 0.096875 0.3390625
0 0.2390625 0.54921875 0.071875 0.2875
0 0.334375 0.56875 0.0734375 0.3296875
0 0.37109375 0.53984375 0.0640625 0.271875
0 0.49296875 0.53046875 0.065625 0.2328125
0 0.5703125 0.6140625 0.0734375 0.3296875
0 0.61875 0.6109375 0.0640625 0.30625
0 0.70234375 0.5296875 0.0671875 0.271875
0 0.54765625 0.534375 0.0609375 0.259375
0 0.59453125 0.45 0.0359375 0.084375
0 0.628125 0.45078125 0.04375 0.10625
0 0.12734375 0.58046875 0.0921875 0.39375
0 0.08203125 0.57265625 0.0546875 0.328125
0 0.04453125 0.56171875 0.0734375 0.3125
0 0.00859375 0.57109375 0.0171875 0.3046875
1 0.07421875 0.4296875 0.065625 0.096875
1 0.2296875 0.46328125 0.0453125 0.14375
1 0.35859375 0.42734375 0.05 0.0609375
1 0.47890625 0.46875 0.04375 0.1296875
1 0.575 0.43359375 0.0390625 0.05625