0 0.12421875 0.5578125 0.0578125 0.371875
0 0.1984375 0.540625 0.07109375 0.3578125
0 0.3234375 0.559375 0.06484375 0.3234375
0 0.3875 0.5453125 0.059375 0.2953125
0 0.48125 0.53359375 0.0375 0.278125
0 0.51875 0.53125 0.084375 0.3578125
0 0.6328125 0.52578125 0.0640625 0.28984375
0 0.76171875 0.53125 0.06796875 0.26640625
0 0.85234375 0.55390625 0.06171875 0.30390625
1 0.175 0.46796875 0.05546875 0.17265625
1 0.3421875 0.440625 0.04453125 0.11171875
1 0.48125 0.43125 0.04765625 0.08671875
1 0.61796875 0.4578125 0.05390625 0.13984375
1 0.73515625 0.4546875 0.0453125 0.14140625