0 0.0765625 0.54453125 0.153125 0.5359375
0 0.08984375 0.55390625 0.1453125 0.4140625
0 0.3 0.54609375 0.1734375 0.40625
0 0.4984375 0.58359375 0.13125 0.3671875
0 0.4578125 0.58984375 0.0109375 0.0046875
0 0.56015625 0.62578125 0.140625 0.4015625
0 0.6265625 0.634375 0.1515625 0.4359375
0 0.69453125 0.6203125 0.10625 0.34375
0 0.72109375 0.6296875 0.1484375 0.403125
0 0.8453125 0.64375 0.1421875 0.35
1 0.12578125 0.41796875 0.1109375 0.2234375
1 0.33203125 0.440625 0.1 0.1921875
1 0.5078125 0.49453125 0.09375 0.2078125
1 0.6953125 0.46875 0.075 0.0921875
1 0.86328125 0.5125 0.0765625 0.1125