0 0.21875 0.6046875 0.0859375 0.453125
0 0.309375 0.6078125 0.0890625 0.4796875
0 0.37890625 0.5921875 0.059375 0.4
0 0.4421875 0.62421875 0.0875 0.4734375
0 0.51015625 0.5765625 0.0640625 0.35
0 0.60390625 0.584375 0.0703125 0.36875
0 0.625 0.56484375 0.0484375 0.28125
0 0.70234375 0.6671875 0.0703125 0.4125
0 0.73515625 0.56171875 0.0515625 0.30625
0 0.79375 0.5875 0.065625 0.3578125
0 0.8875 0.59765625 0.084375 0.409375
0 0.90859375 0.5421875 0.0421875 0.2546875
0 0.80703125 0.5234375 0.0484375 0.28125
0 0.8390625 0.53515625 0.01875 0.25625
1 0.3265625 0.46640625 0.0625 0.1328125
1 0.47578125 0.43359375 0.05 0.0609375
1 0.59453125 0.4828125 0.05 0.1578125
1 0.69140625 0.471875 0.0421875 0.15
1 0.771875 0.4640625 0.0375 0.128125