0 0.09375 0.69609375 0.1875 0.5359375
0 0.1328125 0.690625 0.13125 0.4140625
0 0.328125 0.61171875 0.159375 0.4046875
0 0.5265625 0.57890625 0.1203125 0.3671875
0 0.49140625 0.5984375 0.0109375 0.0046875
0 0.59921875 0.59765625 0.128125 0.4015625
0 0.66484375 0.5828125 0.1375 0.4359375
0 0.72421875 0.546875 0.09375 0.34375
0 0.7515625 0.54609375 0.1359375 0.4015625
0 0.8734375 0.51640625 0.13125 0.35
1 0.1203125 0.55078125 0.1046875 0.221875
1 0.32109375 0.5015625 0.09375 0.1921875
1 0.5046875 0.4921875 0.0875 0.20625
1 0.67265625 0.40390625 0.0734375 0.090625
1 0.84609375 0.3875 0.0734375 0.1109375