0 0.16796875 0.596875 0.04375 0.2375
0 0.21328125 0.58046875 0.0484375 0.221875
0 0.27890625 0.57890625 0.06875 0.2921875
0 0.33046875 0.57421875 0.0484375 0.225
0 0.41796875 0.584375 0.0640625 0.2765625
0 0.43828125 0.5125 0.0375 0.159375
0 0.559375 0.55078125 0.04375 0.2390625
0 0.58671875 0.55859375 0.0625 0.2625
1 0.67421875 0.48984375 0.046875 0.13125
1 0.559375 0.5015625 0.0421875 0.1234375
1 0.4390625 0.51015625 0.05 0.125
1 0.33828125 0.5140625 0.0421875 0.1203125
1 0.23125 0.52421875 0.0375 0.1234375