0 0.303125 0.65078125 0.13125 0.38125
0 0.35859375 0.62421875 0.1140625 0.3765625
0 0.44765625 0.615625 0.14375 0.45
0 0.48359375 0.58671875 0.08125 0.2859375
0 0.56640625 0.5671875 0.1140625 0.365625
0 0.63515625 0.50859375 0.0890625 0.2875
0 0.678125 0.57421875 0.1328125 0.38125
0 0.715625 0.50859375 0.084375 0.2734375
0 0.78125 0.503125 0.0921875 0.315625
0 0.8125 0.5046875 0.0765625 0.2640625
0 0.7421875 0.396875 0.0453125 0.046875
1 0.6359375 0.4140625 0.0375 0.0375
1 0.5828125 0.45546875 0.046875 0.1046875
1 0.51015625 0.49375 0.0609375 0.159375
1 0.40546875 0.4515625 0.0375 0.05625
1 0.28046875 0.49140625 0.0734375 0.0984375