0 0.2140625 0.53125 0.19375 0.5046875
0 0.29921875 0.56171875 0.2140625 0.540625
0 0.38984375 0.565625 0.13125 0.3796875
0 0.440625 0.58828125 0.1390625 0.3828125
0 0.58671875 0.56484375 0.1 0.284375
0 0.60703125 0.634375 0.16875 0.459375
0 0.6671875 0.58046875 0.1046875 0.303125
0 0.7125 0.46875 0.04375 0.071875
0 0.709375 0.61328125 0.1171875 0.30625
0 0.7890625 0.61640625 0.1375 0.321875
0 0.90390625 0.63046875 0.1140625 0.2859375
1 0.65234375 0.46953125 0.0375 0.0671875
1 0.5625 0.49375 0.075 0.165625
1 0.4671875 0.44375 0.06875 0.125
1 0.359375 0.45546875 0.0796875 0.203125
1 0.1734375 0.4234375 0.1203125 0.259375