0 0.084375 0.5484375 0.146875 0.4953125
0 0.18671875 0.57890625 0.1765625 0.540625
0 0.33203125 0.5453125 0.1234375 0.4625
0 0.3921875 0.5921875 0.1421875 0.5109375
0 0.515625 0.56875 0.1125 0.3984375
0 0.57421875 0.58359375 0.14375 0.496875
0 0.65625 0.584375 0.1078125 0.340625
0 0.78203125 0.578125 0.0921875 0.321875
0 0.8328125 0.615625 0.1234375 0.4171875
0 0.88671875 0.6296875 0.0984375 0.3328125
1 0.7453125 0.503125 0.0703125 0.1703125
1 0.63046875 0.48984375 0.075 0.1875
1 0.4828125 0.47421875 0.0859375 0.203125
1 0.31015625 0.45390625 0.0703125 0.2234375
1 0.11796875 0.3484375 0.0890625 0.096875