0 0.1 0.58046875 0.1421875 0.4890625
0 0.16640625 0.553125 0.0828125 0.359375
0 0.2203125 0.59921875 0.0921875 0.3359375
0 0.3296875 0.5765625 0.071875 0.3484375
0 0.35546875 0.5921875 0.0984375 0.43125
0 0.4 0.68046875 0.13125 0.459375
0 0.50546875 0.5828125 0.0734375 0.3265625
0 0.546875 0.5984375 0.0890625 0.3515625
0 0.60625 0.5984375 0.103125 0.403125
0 0.678125 0.59921875 0.059375 0.284375
0 0.7171875 0.621875 0.08125 0.3203125
0 0.79296875 0.63515625 0.1 0.365625
0 0.81875 0.59140625 0.059375 0.2546875
0 0.875 0.55859375 0.0703125 0.2703125
0 0.91640625 0.646875 0.11875 0.459375
1 0.17734375 0.41328125 0.059375 0.0671875
1 0.346875 0.43671875 0.0359375 0.0734375
1 0.49375 0.50625 0.053125 0.1734375
1 0.6546875 0.5125 0.05625 0.165625
1 0.7875 0.48125 0.0515625 0.0765625