0 0.053125 0.62421875 0.10625 0.3921875
0 0.1359375 0.5921875 0.10625 0.340625
0 0.31640625 0.5625 0.10625 0.3609375
0 0.39453125 0.5796875 0.1296875 0.3625
0 0.459375 0.5421875 0.1140625 0.3640625
0 0.62109375 0.51953125 0.090625 0.3484375
0 0.64765625 0.5171875 0.0859375 0.3578125
0 0.69296875 0.51796875 0.11875 0.4375
0 0.8390625 0.52578125 0.0984375 0.3328125
1 0.17578125 0.5171875 0.0671875 0.175
1 0.3265625 0.45703125 0.0484375 0.1078125
1 0.47890625 0.47578125 0.059375 0.1796875
1 0.63125 0.38515625 0.065625 0.0515625
1 0.809375 0.3984375 0.0671875 0.1375