0 0.10390625 0.58125 0.1015625 0.35625
0 0.2828125 0.56328125 0.053125 0.3421875
0 0.31875 0.56328125 0.059375 0.384375
0 0.371875 0.59140625 0.0984375 0.440625
0 0.44921875 0.52734375 0.0640625 0.3265625
0 0.83125 0.51953125 0.0859375 0.346875
0 0.72734375 0.5 0.059375 0.29375
0 0.6921875 0.50390625 0.0515625 0.246875
0 0.53984375 0.55625 0.0609375 0.30625
0 0.60625 0.53984375 0.046875 0.2828125
0 0.5796875 0.56875 0.06875 0.36875
1 0.65390625 0.4515625 0.0453125 0.14375
1 0.5484375 0.41015625 0.0453125 0.053125
1 0.41328125 0.46953125 0.0453125 0.1609375
1 0.26484375 0.478125 0.0328125 0.171875
1 0.0953125 0.434375 0.0640625 0.0828125