0 0.8296875 0.584375 0.1109375 0.4234375
0 0.04375 0.49609375 0.0875 0.3640625
0 0.12734375 0.515625 0.0890625 0.3359375
0 0.32109375 0.52421875 0.0859375 0.3546875
0 0.4640625 0.5265625 0.0984375 0.4109375
0 0.640625 0.56328125 0.1015625 0.3734375
0 0.39765625 0.55078125 0.1140625 0.49375
0 0.22734375 0.5171875 0.1390625 0.4171875
1 0.1578125 0.4375 0.06875 0.1875
1 0.31484375 0.45078125 0.071875 0.1875
1 0.47265625 0.46953125 0.0734375 0.1953125
1 0.6640625 0.425 0.05625 0.065625
1 0.846875 0.4296875 0.0640625 0.05