1 0.10234375 0.43515625 0.06875 0.1984375
1 0.23359375 0.434375 0.0640625 0.19375
1 0.35546875 0.43984375 0.0609375 0.184375
1 0.46875 0.3703125 0.0515625 0.0390625
1 0.57421875 0.4375 0.053125 0.16875
1 0.6671875 0.43359375 0.0359375 0.165625
1 0.775 0.43828125 0.0515625 0.159375
1 0.8671875 0.43671875 0.0515625 0.1546875
0 0.05546875 0.51953125 0.096875 0.4140625
0 0.1609375 0.5375 0.078125 0.3734375
0 0.47421875 0.50234375 0.078125 0.3515625
0 0.7 0.49765625 0.075 0.3359375
0 0.91484375 0.50703125 0.06875 0.3328125