0 0.19921875 0.57421875 0.1359375 0.528125
0 0.5375 0.52109375 0.1125 0.4265625
0 0.6671875 0.48984375 0.0890625 0.44375
0 0.77109375 0.49609375 0.084375 0.40625
0 0.85703125 0.51171875 0.0765625 0.3140625
1 0.8796875 0.35546875 0.0421875 0.0546875
1 0.93984375 0.4203125 0.05 0.165625
1 0.37890625 0.41484375 0.0875 0.25
1 0.21796875 0.35390625 0.0953125 0.15
1 0.49453125 0.4203125 0.05 0.228125
1 0.61640625 0.425 0.053125 0.2046875
1 0.721875 0.41796875 0.05 0.1921875
1 0.81171875 0.42265625 0.040625 0.175