0 0.915625 0.5453125 0.1203125 0.365625
0 0.79453125 0.57890625 0.10625 0.3390625
0 0.675 0.58125 0.125 0.4328125
0 0.5484375 0.5921875 0.1375 0.4453125
0 0.42265625 0.63359375 0.128125 0.4203125
0 0.28984375 0.671875 0.1421875 0.4234375
0 0.203125 0.69296875 0.134375 0.459375
0 0.071875 0.7171875 0.14375 0.440625
1 0.125 0.58125 0.1 0.2484375
1 0.2578125 0.4875 0.0859375 0.1
1 0.390625 0.46484375 0.078125 0.08125
1 0.49921875 0.4359375 0.046875 0.0453125
1 0.6203125 0.4328125 0.04375 0.0671875
1 0.753125 0.42734375 0.071875 0.1
1 0.8640625 0.45703125 0.0703125 0.203125
1 0.96796875 0.44375 0.0640625 0.19375