0 0.91015625 0.58203125 0.0890625 0.3625
0 0.7859375 0.60390625 0.078125 0.3359375
0 0.6671875 0.59609375 0.0890625 0.43125
0 0.53984375 0.5953125 0.1 0.4421875
0 0.4109375 0.6265625 0.09375 0.4171875
0 0.27578125 0.65234375 0.1078125 0.4203125
0 0.1875 0.66640625 0.0953125 0.4578125
0 0.0546875 0.67890625 0.109375 0.4359375
1 0.11953125 0.5484375 0.0796875 0.2453125
1 0.259375 0.46640625 0.078125 0.09375
1 0.39453125 0.45546875 0.071875 0.0765625
1 0.5046875 0.43671875 0.04375 0.0421875
1 0.62578125 0.44296875 0.0390625 0.065625
1 0.75859375 0.45 0.0640625 0.0953125
1 0.86640625 0.48828125 0.053125 0.2
1 0.97421875 0.48515625 0.0515625 0.1921875