1 0.1078125 0.55 0.0515625 0.20625
1 0.23359375 0.54453125 0.0703125 0.203125
1 0.3578125 0.4921875 0.0578125 0.1140625
1 0.4765625 0.45703125 0.05625 0.053125
1 0.58984375 0.5203125 0.0578125 0.1859375
1 0.69453125 0.515625 0.0375 0.1796875
1 0.803125 0.509375 0.0484375 0.178125
1 0.9078125 0.503125 0.0546875 0.175
0 0.08046875 0.6421875 0.1359375 0.4125
0 0.209375 0.671875 0.084375 0.3625
0 0.36875 0.6484375 0.0796875 0.346875
0 0.4921875 0.61875 0.084375 0.375
0 0.62265625 0.6078125 0.0875 0.3703125
0 0.73203125 0.59140625 0.075 0.36875
0 0.85078125 0.590625 0.0765625 0.3375
0 0.96015625 0.56796875 0.0796875 0.3265625