1 0.0984375 0.53359375 0.1015625 0.20625
1 0.22578125 0.50078125 0.0953125 0.2
1 0.3453125 0.47734375 0.090625 0.1890625
1 0.43828125 0.38203125 0.0578125 0.046875
1 0.55703125 0.421875 0.08125 0.1734375
1 0.64609375 0.3953125 0.0625 0.1671875
1 0.7515625 0.3734375 0.078125 0.1640625
1 0.84140625 0.35 0.078125 0.1609375
0 0.078125 0.6265625 0.15625 0.41875
0 0.18046875 0.61796875 0.140625 0.3765625
0 0.47578125 0.50859375 0.1375 0.3546875
0 0.69375 0.44921875 0.13125 0.3390625
0 0.90390625 0.40625 0.125 0.3359375