1 0.76875 0.51171875 0.05 0.140625
1 0.6984375 0.5171875 0.05 0.14375
1 0.62578125 0.52578125 0.05625 0.153125
1 0.5390625 0.534375 0.0578125 0.159375
1 0.45 0.49609375 0.05 0.0625
1 0.35078125 0.5546875 0.0765625 0.175
1 0.23046875 0.50234375 0.0625 0.059375
1 0.103125 0.53828125 0.0625 0.109375
0 0.08515625 0.68046875 0.1296875 0.3875
0 0.23984375 0.65234375 0.125 0.3734375
0 0.47890625 0.63046875 0.109375 0.3078125
0 0.5875 0.59921875 0.10625 0.31875
0 0.73671875 0.57421875 0.0828125 0.2765625
0 0.80625 0.56640625 0.0796875 0.2625