0 0.79609375 0.6703125 0.0734375 0.60625
0 0.74375 0.52109375 0.034375 0.23515625
0 0.7015625 0.528125 0.046875 0.3
0 0.640625 0.53984375 0.04921875 0.34140625
0 0.5875 0.5578125 0.04609375 0.36171875
0 0.51875 0.65 0.096875 0.7
0 0.24140625 0.63515625 0.1015625 0.5890625
0 0.34296875 0.68515625 0.1265625 0.6296875
1 0.17578125 0.5171875 0.059375 0.27421875
1 0.44296875 0.49375 0.04609375 0.20390625
1 0.584375 0.41328125 0.04296875 0.04921875
1 0.65 0.4140625 0.02109375 0.040625
1 0.68671875 0.43125 0.01875 0.065625
1 0.3109375 0.425 0.0265625 0.10234375