0 0.22578125 0.43828125 0.1015625 0.2421875
0 0.315625 0.4578125 0.115625 0.2625
0 0.47578125 0.5125 0.103125 0.240625
0 0.575 0.51953125 0.1109375 0.259375
0 0.72890625 0.565625 0.103125 0.2453125
0 0.82265625 0.5890625 0.103125 0.2515625
1 0.26484375 0.3859375 0.0703125 0.1453125
1 0.35078125 0.41171875 0.0578125 0.1390625
1 0.42109375 0.43125 0.06875 0.1375
1 0.515625 0.41796875 0.04375 0.0625
1 0.5890625 0.42109375 0.0484375 0.0484375
1 0.65859375 0.4890625 0.0640625 0.128125
1 0.809375 0.5296875 0.0578125 0.13125