1 0.109375 0.4453125 0.1078125 0.2171875
1 0.2421875 0.47890625 0.1046875 0.21875
1 0.36796875 0.51875 0.10625 0.2171875
1 0.5140625 0.49765625 0.078125 0.1140625
1 0.6296875 0.5203125 0.040625 0.0734375
1 0.7765625 0.55859375 0.05625 0.075
1 0.91171875 0.66953125 0.103125 0.2359375
0 0.0515625 0.534375 0.103125 0.3875
0 0.17421875 0.578125 0.15625 0.396875
0 0.42109375 0.63046875 0.171875 0.44375
0 0.48046875 0.68046875 0.140625 0.40625
0 0.62265625 0.69453125 0.1625 0.459375
0 0.74375 0.74296875 0.1734375 0.453125
0 0.8296875 0.73984375 0.190625 0.5203125