0 0.09296875 0.41640625 0.115625 0.3609375
0 0.215625 0.42109375 0.115625 0.3984375
0 0.55625 0.471875 0.1078125 0.3515625
0 0.6640625 0.496875 0.115625 0.4234375
0 0.72734375 0.496875 0.1015625 0.4015625
0 0.91953125 0.5046875 0.10625 0.3546875
1 0.8890625 0.44296875 0.0640625 0.16875
1 0.79453125 0.4296875 0.06875 0.175
1 0.5984375 0.40078125 0.04375 0.18125
1 0.475 0.390625 0.0765625 0.184375
1 0.36484375 0.37265625 0.0765625 0.1890625
1 0.26015625 0.35078125 0.065625 0.1921875
1 0.13671875 0.33125 0.05625 0.190625