0 0.34296875 0.534375 0.1859375 0.4765625
0 0.58984375 0.565625 0.140625 0.390625
0 0.6859375 0.58125 0.140625 0.39375
0 0.76875 0.6109375 0.1203125 0.3234375
0 0.8890625 0.63203125 0.1046875 0.26875
1 0.86640625 0.5484375 0.071875 0.1546875
1 0.1625 0.38671875 0.146875 0.28125
1 0.315625 0.4265625 0.1046875 0.24375
1 0.4546875 0.453125 0.1046875 0.225
1 0.56171875 0.4828125 0.090625 0.2015625
1 0.65625 0.49765625 0.084375 0.18125
1 0.7390625 0.5203125 0.071875 0.1734375
1 0.82265625 0.49609375 0.04375 0.071875