1 0.625 0.359375 0.0921875 0.18125
1 0.1390625 0.4625 0.1140625 0.2265625
1 0.2625 0.365625 0.078125 0.0796875
1 0.3890625 0.34140625 0.0703125 0.0703125
1 0.5109375 0.33046875 0.0671875 0.090625
1 0.73046875 0.33359375 0.08125 0.1765625
1 0.80859375 0.246875 0.040625 0.04375
1 0.9140625 0.296875 0.075 0.1765625
0 0.8640625 0.38984375 0.1765625 0.4359375
0 0.7796875 0.41015625 0.1375 0.3515625
0 0.55390625 0.4640625 0.1390625 0.353125
0 0.425 0.490625 0.1546875 0.4109375
0 0.31015625 0.525 0.1484375 0.3984375
0 0.25703125 0.54765625 0.1921875 0.4796875
0 0.13046875 0.565625 0.1765625 0.4015625