1 0.25703125 0.4 0.0671875 0.0609375
1 0.3859375 0.3953125 0.05625 0.0453125
1 0.4890625 0.4609375 0.0421875 0.1828125
1 0.66484375 0.446875 0.0515625 0.1546875
1 0.74765625 0.43984375 0.0390625 0.1546875
1 0.81015625 0.434375 0.0390625 0.1390625
1 0.8671875 0.43203125 0.040625 0.140625
0 0.9171875 0.48046875 0.0671875 0.28125
0 0.25390625 0.56953125 0.096875 0.4421875
0 0.409375 0.54609375 0.1015625 0.3953125
0 0.51953125 0.53046875 0.071875 0.3796875
0 0.596875 0.5921875 0.1125 0.6375
0 0.7 0.3546875 0.046875 0.08125
0 0.7125 0.58984375 0.0875 0.4171875
0 0.78671875 0.5171875 0.0640625 0.2859375