1 0.29375 0.33671875 0.075 0.0703125
1 0.41875 0.36796875 0.0625 0.053125
1 0.50078125 0.459375 0.071875 0.184375
1 0.67265625 0.49453125 0.0765625 0.159375
1 0.7546875 0.5109375 0.065625 0.15625
1 0.81640625 0.52265625 0.0609375 0.1421875
1 0.871875 0.5359375 0.0625 0.1421875
0 0.90703125 0.59609375 0.1140625 0.2828125
0 0.24453125 0.4984375 0.1703125 0.44375
0 0.4 0.51953125 0.1671875 0.4
0 0.51015625 0.534375 0.134375 0.3796875
0 0.56796875 0.61484375 0.2203125 0.6359375
0 0.73203125 0.415625 0.059375 0.0875
0 0.6796875 0.6453125 0.1578125 0.41875
0 0.7703125 0.5953125 0.1125 0.2890625