0 0.1125 0.64296875 0.078125 0.4546875
0 0.184375 0.646875 0.1109375 0.5140625
0 0.30078125 0.67734375 0.14375 0.6140625
0 0.321875 0.42578125 0.0546875 0.084375
0 0.4625 0.6765625 0.121875 0.646875
0 0.54765625 0.62734375 0.0890625 0.50625
0 0.57734375 0.44921875 0.0515625 0.165625
0 0.646875 0.534375 0.0734375 0.325
0 0.74140625 0.540625 0.0703125 0.378125
0 0.84375 0.51328125 0.0703125 0.3140625
0 0.928125 0.50546875 0.0640625 0.290625
1 0.08671875 0.5296875 0.0890625 0.2484375
1 0.27421875 0.4421875 0.0703125 0.0875
1 0.4 0.4875 0.04375 0.1796875
1 0.51171875 0.43203125 0.0328125 0.071875
1 0.5984375 0.446875 0.0375 0.115625