0 0.171875 0.415625 0.09453125 0.12734375
0 0.15390625 0.69140625 0.07890625 0.575
0 0.2625 0.646875 0.06953125 0.56953125
0 0.384375 0.6609375 0.109375 0.6609375
0 0.41640625 0.40234375 0.059375 0.0546875
0 0.48984375 0.603125 0.0640625 0.5015625
0 0.57109375 0.56875 0.0578125 0.3796875
0 0.72265625 0.6078125 0.0796875 0.56796875
0 0.79765625 0.5328125 0.04140625 0.32265625
0 0.87265625 0.55859375 0.0703125 0.4203125
1 0.7578125 0.40390625 0.0328125 0.04765625
1 0.6484375 0.471875 0.0453125 0.1828125
1 0.5265625 0.4234375 0.02890625 0.0828125
1 0.346875 0.4046875 0.01875 0.04296875
1 0.1546875 0.43359375 0.0828125 0.12734375