0 0.2265625 0.68984375 0.1296875 0.3921875
0 0.278125 0.675 0.1703125 0.453125
0 0.42578125 0.61875 0.1359375 0.3765625
0 0.39921875 0.4453125 0.0796875 0.1015625
0 0.52890625 0.60078125 0.16875 0.4234375
0 0.64375 0.51328125 0.1140625 0.3359375
0 0.7390625 0.52109375 0.1125 0.325
0 0.77578125 0.503125 0.1046875 0.275
1 0.18359375 0.584375 0.1125 0.2234375
1 0.34921875 0.534375 0.0984375 0.20625
1 0.4609375 0.5015625 0.0625 0.1796875
1 0.584375 0.4671875 0.078125 0.1671875
1 0.67734375 0.43984375 0.0671875 0.153125