0 0.0796875 0.4875 0.053125 0.315625
0 0.146875 0.478125 0.04140625 0.29296875
0 0.2796875 0.4921875 0.0484375 0.28671875
0 0.36796875 0.4921875 0.0515625 0.3125
0 0.4375 0.48671875 0.0515625 0.2875
0 0.52421875 0.50234375 0.05390625 0.34375
0 0.59765625 0.49296875 0.0484375 0.29765625
1 0.1828125 0.421875 0.040625 0.14921875
1 0.31484375 0.42734375 0.0390625 0.15390625
1 0.45234375 0.3765625 0.028125 0.04453125
1 0.590625 0.3765625 0.04609375 0.04921875
1 0.7359375 0.4328125 0.0453125 0.1640625