0 0.09375 0.5703125 0.0671875 0.409375
0 0.13671875 0.54375 0.0625 0.378125
0 0.2265625 0.5609375 0.1015625 0.4828125
0 0.309375 0.5890625 0.0921875 0.5390625
0 0.41484375 0.56171875 0.0765625 0.378125
0 0.4875 0.56015625 0.0765625 0.375
0 0.546875 0.51953125 0.0546875 0.284375
0 0.609375 0.52265625 0.05625 0.3171875
0 0.6421875 0.5046875 0.0453125 0.2640625
0 0.71328125 0.459375 0.040625 0.1390625
0 0.73828125 0.54453125 0.0671875 0.325
0 0.81328125 0.54375 0.09375 0.365625
0 0.8765625 0.46328125 0.053125 0.175
0 0.91171875 0.57421875 0.0765625 0.384375
1 0.51796875 0.42109375 0.0203125 0.0765625
1 0.58984375 0.459375 0.0390625 0.1375
1 0.39140625 0.4546875 0.0515625 0.16875
1 0.2796875 0.3828125 0.0375 0.05
1 0.10234375 0.396875 0.0640625 0.1015625