0 0.0875 0.51328125 0.121875 0.4078125
0 0.134375 0.49296875 0.1140625 0.378125
0 0.22109375 0.521875 0.1671875 0.484375
0 0.2984375 0.56171875 0.165625 0.5390625
0 0.40703125 0.54921875 0.1265625 0.3796875
0 0.47890625 0.5578125 0.1265625 0.3765625
0 0.54375 0.52578125 0.0921875 0.284375
0 0.6046875 0.5375 0.0984375 0.3171875
0 0.63984375 0.52421875 0.08125 0.2640625
0 0.7171875 0.48984375 0.059375 0.140625
0 0.73046875 0.57734375 0.1109375 0.3265625
0 0.80390625 0.58671875 0.1421875 0.36875
0 0.878125 0.51640625 0.0765625 0.178125
0 0.896875 0.63046875 0.128125 0.3859375
1 0.52890625 0.42421875 0.03125 0.078125
1 0.59453125 0.471875 0.0578125 0.140625
1 0.3984375 0.43984375 0.0734375 0.171875
1 0.2984375 0.353125 0.04375 0.053125
1 0.1203125 0.34296875 0.0765625 0.1078125