0 0.190625 0.6234375 0.04296875 0.3921875
0 0.24453125 0.6203125 0.071875 0.44921875
0 0.40078125 0.59921875 0.053125 0.3734375
0 0.4140625 0.42421875 0.06015625 0.090625
0 0.50546875 0.6046875 0.07734375 0.4171875
0 0.63671875 0.5453125 0.0390625 0.33515625
0 0.728125 0.57421875 0.03984375 0.325
0 0.76796875 0.56484375 0.04453125 0.27265625
1 0.17265625 0.5109375 0.065625 0.2140625
1 0.3453125 0.49921875 0.05546875 0.1984375
1 0.46171875 0.49296875 0.02265625 0.1796875
1 0.58984375 0.48671875 0.04296875 0.16171875
1 0.68671875 0.48125 0.034375 0.14921875