0 0.13828125 0.5734375 0.11875 0.38125
0 0.20390625 0.57265625 0.159375 0.45
0 0.32109375 0.578125 0.1234375 0.4
0 0.39375 0.603125 0.1203125 0.3703125
0 0.45546875 0.609375 0.1453125 0.4234375
0 0.56484375 0.59375 0.103125 0.3203125
0 0.646875 0.58046875 0.0890625 0.2421875
0 0.67734375 0.6359375 0.103125 0.3296875
0 0.78125 0.6359375 0.109375 0.3015625
1 0.1359375 0.459375 0.1046875 0.228125
1 0.3015625 0.48359375 0.0859375 0.196875
1 0.43671875 0.45 0.0578125 0.078125
1 0.53984375 0.51875 0.0625 0.1578125
1 0.6265625 0.53359375 0.0640625 0.1453125