0 0.12109375 0.715625 0.1453125 0.459375
0 0.1984375 0.6625 0.140625 0.4703125
0 0.27734375 0.70234375 0.1765625 0.5359375
0 0.3984375 0.59765625 0.1421875 0.4390625
0 0.49453125 0.61015625 0.140625 0.453125
0 0.52421875 0.5453125 0.109375 0.3609375
0 0.62734375 0.46171875 0.065625 0.2375
0 0.6765625 0.55078125 0.1390625 0.4234375
0 0.73671875 0.4765625 0.09375 0.3109375
0 0.7734375 0.509375 0.1140625 0.3375
0 0.8796875 0.47109375 0.1328125 0.3078125
1 0.11796875 0.51796875 0.1015625 0.1640625
1 0.3234375 0.51328125 0.1015625 0.221875
1 0.44140625 0.4234375 0.0390625 0.0703125
1 0.58515625 0.4515625 0.071875 0.171875
1 0.66953125 0.38671875 0.046875 0.0734375