0 0.10546875 0.6015625 0.134375 0.48125
0 0.19140625 0.61953125 0.175 0.578125
0 0.33125 0.603125 0.1265625 0.4203125
0 0.42578125 0.61484375 0.1234375 0.45625
0 0.4953125 0.6 0.0921875 0.3640625
0 0.54609375 0.62578125 0.096875 0.3609375
0 0.58359375 0.65625 0.1484375 0.56875
0 0.6453125 0.60546875 0.0921875 0.390625
0 0.6953125 0.6140625 0.1125 0.3640625
0 0.74609375 0.596875 0.0890625 0.3015625
0 0.83671875 0.60859375 0.1015625 0.3515625
1 0.121875 0.41953125 0.103125 0.184375
1 0.32109375 0.48046875 0.09375 0.23125
1 0.4859375 0.44140625 0.0453125 0.0953125
1 0.66796875 0.45859375 0.0375 0.0453125
1 0.721875 0.46953125 0.0203125 0.05625