0 0.10390625 0.553125 0.1640625 0.5
0 0.17734375 0.6171875 0.16875 0.503125
0 0.2640625 0.63046875 0.2203125 0.5921875
0 0.33359375 0.56953125 0.125 0.4359375
0 0.3875 0.59296875 0.15625 0.465625
0 0.45234375 0.65234375 0.16875 0.496875
0 0.8625 0.6171875 0.1 0.3625
0 0.83203125 0.60546875 0.0859375 0.3671875
0 0.77109375 0.62734375 0.10625 0.3921875
0 0.715625 0.66875 0.128125 0.4453125
0 0.5546875 0.67734375 0.1703125 0.5515625
0 0.65234375 0.6515625 0.125 0.4296875
0 0.6375 0.45625 0.05625 0.096875
0 0.75546875 0.434375 0.04375 0.0453125
1 0.6921875 0.4671875 0.053125 0.0953125
1 0.4625 0.41953125 0.06875 0.0921875
1 0.59140625 0.45390625 0.065625 0.1109375
1 0.3234375 0.39921875 0.0640625 0.109375
1 0.07421875 0.434375 0.078125 0.2625