0 0.10703125 0.68828125 0.1140625 0.4609375
0 0.1875 0.640625 0.109375 0.471875
0 0.2640625 0.68671875 0.1421875 0.5359375
0 0.3921875 0.590625 0.1125 0.440625
0 0.48671875 0.609375 0.109375 0.4546875
0 0.52109375 0.546875 0.084375 0.3625
0 0.6296875 0.47109375 0.05 0.2390625
0 0.671875 0.56328125 0.1109375 0.425
0 0.7375 0.49296875 0.071875 0.3109375
0 0.771875 0.528125 0.090625 0.3375
0 0.88046875 0.49765625 0.1125 0.30625
1 0.11796875 0.49140625 0.0921875 0.1609375
1 0.3234375 0.5015625 0.0859375 0.2203125
1 0.446875 0.41953125 0.034375 0.06875
1 0.58828125 0.4578125 0.059375 0.171875
1 0.67734375 0.3984375 0.04375 0.071875