0 0.08046875 0.51328125 0.1609375 0.4703125
0 0.1765625 0.5234375 0.18125 0.46875
0 0.25078125 0.57421875 0.20625 0.5484375
0 0.484375 0.57734375 0.1625 0.428125
0 0.3875 0.40546875 0.0546875 0.1015625
0 0.36484375 0.6453125 0.23125 0.596875
0 0.809375 0.65234375 0.1546875 0.3859375
0 0.7625 0.6296875 0.125 0.3546875
0 0.665625 0.71875 0.2078125 0.553125
0 0.6140625 0.56796875 0.109375 0.3125
0 0.58515625 0.6125 0.1203125 0.3578125
0 0.53828125 0.6421875 0.1765625 0.4796875
0 0.75 0.484375 0.0765625 0.1015625
1 0.15546875 0.41796875 0.1140625 0.2421875
1 0.33984375 0.45703125 0.0984375 0.215625
1 0.47421875 0.43125 0.0625 0.09375
1 0.66640625 0.47890625 0.05625 0.0796875
1 0.56875 0.46484375 0.0375 0.0859375