0 0.15 0.6171875 0.0734375 0.3828125
0 0.21484375 0.60859375 0.1078125 0.446875
0 0.33203125 0.59921875 0.075 0.4
0 0.40703125 0.61484375 0.0765625 0.3703125
0 0.46953125 0.6140625 0.096875 0.421875
0 0.57578125 0.58515625 0.065625 0.3203125
0 0.65546875 0.56171875 0.0609375 0.240625
0 0.6921875 0.6140625 0.0640625 0.3296875
0 0.79609375 0.60078125 0.0734375 0.3
1 0.13359375 0.50390625 0.0796875 0.2234375
1 0.3015625 0.5078125 0.0640625 0.19375
1 0.43125 0.45859375 0.05 0.0734375
1 0.5421875 0.5140625 0.0453125 0.15625
1 0.6296875 0.51796875 0.046875 0.1421875