0 0.1171875 0.6140625 0.0875 0.4921875
0 0.2 0.66640625 0.0921875 0.49453125
0 0.2875 0.665625 0.13125 0.578125
0 0.346875 0.59453125 0.0578125 0.43203125
0 0.403125 0.609375 0.0859375 0.45859375
0 0.4765625 0.6578125 0.09375 0.48828125
0 0.8765625 0.559375 0.04453125 0.36015625
0 0.84453125 0.55234375 0.0296875 0.36640625
0 0.7875 0.58359375 0.04609375 0.38984375
0 0.7390625 0.6328125 0.06015625 0.440625
0 0.58203125 0.66640625 0.0859375 0.54453125
0 0.67421875 0.62578125 0.05859375 0.42578125
0 0.62890625 0.43515625 0.0421875 0.090625
0 0.7421875 0.3953125 0.03828125 0.0390625
1 0.684375 0.4375 0.0390625 0.090625
1 0.45078125 0.4265625 0.05703125 0.08359375
1 0.5828125 0.43984375 0.04921875 0.10390625
1 0.31015625 0.428125 0.04765625 0.10390625
1 0.06953125 0.5015625 0.03828125 0.259375