0 0.84921875 0.56953125 0.065625 0.2859375
0 0.71640625 0.5890625 0.071875 0.3078125
0 0.6203125 0.5734375 0.071875 0.296875
0 0.44765625 0.62734375 0.103125 0.390625
0 0.38203125 0.61796875 0.0703125 0.3
0 0.334375 0.6671875 0.0921875 0.434375
0 0.2 0.51796875 0.0625 0.11875
0 0.18828125 0.68984375 0.0890625 0.4203125
0 0.1390625 0.7015625 0.103125 0.509375
1 0.19765625 0.51015625 0.0234375 0.065625
1 0.35234375 0.49140625 0.034375 0.05625
1 0.46796875 0.53671875 0.05625 0.15625
1 0.578125 0.51953125 0.046875 0.1390625
1 0.6640625 0.5078125 0.0453125 0.128125