0 0.9265625 0.53984375 0.0703125 0.321875
0 0.8078125 0.51640625 0.071875 0.30625
0 0.7046875 0.50390625 0.059375 0.3359375
0 0.7484375 0.53515625 0.0859375 0.38125
0 0.13125 0.609375 0.090625 0.384375
0 0.2 0.32578125 0.1171875 0.134375
0 0.22109375 0.6421875 0.153125 0.6859375
0 0.33671875 0.53671875 0.084375 0.41875
0 0.42890625 0.55234375 0.09375 0.4765625
0 0.50390625 0.5125 0.0734375 0.3875
0 0.56875 0.54375 0.05625 0.390625
0 0.6078125 0.59921875 0.090625 0.5125
1 0.1 0.4421875 0.084375 0.2609375
1 0.29453125 0.44140625 0.0515625 0.228125
1 0.46796875 0.36953125 0.028125 0.0578125
1 0.5734375 0.4 0.0359375 0.0953125
1 0.6765625 0.4359375 0.0453125 0.1609375