0 0.22109375 0.7140625 0.2015625 0.515625
0 0.34765625 0.690625 0.1828125 0.4265625
0 0.4328125 0.6375 0.165625 0.4203125
0 0.5328125 0.63203125 0.1890625 0.503125
0 0.57890625 0.58828125 0.1453125 0.36875
0 0.6875 0.57890625 0.1515625 0.4375
0 0.7203125 0.52421875 0.11875 0.3265625
0 0.7890625 0.51015625 0.1296875 0.3640625
0 0.8234375 0.47578125 0.1109375 0.3359375
0 0.9328125 0.30859375 0.003125 0.0078125
0 0.91953125 0.47421875 0.1375 0.35625
1 0.15625 0.62421875 0.115625 0.2640625
1 0.34765625 0.49765625 0.0796875 0.1125
1 0.4921875 0.43828125 0.0671875 0.071875
1 0.63359375 0.47109375 0.08125 0.184375
1 0.74140625 0.434375 0.0796875 0.171875