0 0.20390625 0.66015625 0.1046875 0.5125
0 0.28671875 0.68515625 0.171875 0.6203125
0 0.4125 0.62890625 0.084375 0.440625
0 0.4796875 0.64375 0.1171875 0.5
0 0.5515625 0.59609375 0.078125 0.3734375
0 0.66640625 0.5578125 0.0734375 0.3265625
0 0.71640625 0.63203125 0.134375 0.3875
0 0.7703125 0.54921875 0.065625 0.321875
0 0.8359375 0.58203125 0.0984375 0.3671875
1 0.153125 0.5578125 0.0890625 0.2625
1 0.35625 0.53203125 0.075 0.2296875
1 0.49609375 0.45234375 0.05 0.08125
1 0.6203125 0.49765625 0.05625 0.175
1 0.7078125 0.4375 0.0390625 0.0578125