0 0.1453125 0.63515625 0.10390625 0.69140625
0 0.325 0.68828125 0.10078125 0.609375
0 0.40234375 0.603125 0.05703125 0.5390625
0 0.47578125 0.64765625 0.06953125 0.57265625
0 0.5734375 0.60859375 0.06796875 0.4125
0 0.703125 0.56328125 0.04375 0.3734375
0 0.7453125 0.609375 0.06953125 0.5
0 0.81875 0.559375 0.05859375 0.34921875
0 0.92265625 0.56328125 0.06796875 0.51953125
1 0.0609375 0.50546875 0.07734375 0.32890625
1 0.3234375 0.40859375 0.078125 0.1296875
1 0.50390625 0.46875 0.05390625 0.2296875
1 0.6484375 0.4703125 0.0515625 0.2140625
1 0.77578125 0.41171875 0.01875 0.10234375