0 0.30546875 0.55546875 0.16875 0.4734375
0 0.3953125 0.5703125 0.15625 0.4203125
0 0.4859375 0.55859375 0.159375 0.4515625
0 0.5703125 0.5859375 0.128125 0.3578125
0 0.5828125 0.57421875 0.1296875 0.3921875
0 0.6734375 0.4546875 0.0578125 0.1140625
0 0.66953125 0.61484375 0.115625 0.3703125
0 0.71796875 0.60859375 0.140625 0.4234375
0 0.78203125 0.61328125 0.1140625 0.3484375
1 0.26328125 0.4203125 0.1171875 0.271875
1 0.42890625 0.37890625 0.065625 0.1
1 0.53828125 0.4 0.0515625 0.059375
1 0.62265625 0.4984375 0.0703125 0.19375
1 0.7171875 0.43515625 0.0359375 0.025