0 0.33828125 0.62109375 0.1453125 0.4734375
0 0.428125 0.603125 0.134375 0.4203125
0 0.5078125 0.559375 0.1375 0.453125
0 0.596875 0.55546875 0.1109375 0.3578125
0 0.60390625 0.53984375 0.1109375 0.39375
0 0.6453125 0.3953125 0.053125 0.1125
0 0.69921875 0.546875 0.096875 0.371875
0 0.7421875 0.5234375 0.1203125 0.425
0 0.80390625 0.5046875 0.0953125 0.3484375
1 0.25 0.51015625 0.1046875 0.2703125
1 0.390625 0.4125 0.0609375 0.0984375
1 0.5 0.39296875 0.0484375 0.0578125
1 0.6140625 0.45390625 0.0609375 0.19375
1 0.6796875 0.36171875 0.034375 0.0234375