0 0.203125 0.5734375 0.1 0.4875
0 0.30703125 0.56953125 0.0765625 0.440625
0 0.4109375 0.5765625 0.0671875 0.475
0 0.4546875 0.52890625 0.0546875 0.4109375
0 0.70390625 0.528125 0.065625 0.3765625
0 0.50703125 0.53671875 0.05 0.35
0 0.54921875 0.3890625 0.0375 0.075
0 0.56875 0.5578125 0.0484375 0.3640625
0 0.64140625 0.3828125 0.05 0.0703125
0 0.60390625 0.56015625 0.0625 0.41875
1 0.253125 0.45859375 0.0375 0.2421875
1 0.38125 0.45078125 0.0515625 0.2140625
1 0.49140625 0.39609375 0.04375 0.0890625
1 0.59296875 0.396875 0.034375 0.0890625
1 0.6640625 0.39375 0.034375 0.0734375