0 0.0984375 0.58359375 0.146875 0.5015625
0 0.27265625 0.63046875 0.209375 0.6875
0 0.35703125 0.58203125 0.109375 0.45
0 0.47109375 0.6328125 0.1625 0.5328125
0 0.58828125 0.44296875 0.0953125 0.2015625
0 0.54140625 0.59453125 0.1140625 0.440625
0 0.66328125 0.590625 0.1 0.3484375
0 0.7578125 0.6328125 0.11875 0.446875
0 0.8109375 0.65390625 0.1484375 0.478125
1 0.10078125 0.43046875 0.1234375 0.2984375
1 0.34921875 0.38046875 0.0640625 0.0875
1 0.4875 0.4171875 0.053125 0.10625
1 0.63125 0.496875 0.06875 0.196875
1 0.73203125 0.503125 0.065625 0.1765625