0 0.85546875 0.5609375 0.04609375 0.3203125
0 0.7796875 0.5671875 0.075 0.38046875
0 0.7125 0.53828125 0.04609375 0.2984375
0 0.6171875 0.57578125 0.03125 0.303125
0 0.5203125 0.58359375 0.05859375 0.31875
0 0.45625 0.61484375 0.06328125 0.42734375
0 0.3578125 0.596875 0.05859375 0.39453125
0 0.2265625 0.65 0.0921875 0.509375
0 0.15390625 0.61015625 0.0703125 0.48046875
0 0.64609375 0.5015625 0.025 0.15234375
1 0.6734375 0.48359375 0.034375 0.146875
1 0.57734375 0.49296875 0.0390625 0.16640625
1 0.45078125 0.44609375 0.04765625 0.07890625
1 0.3078125 0.50859375 0.0578125 0.21015625
1 0.10625 0.52265625 0.0609375 0.2421875