0 0.15625 0.6765625 0.1359375 0.390625
0 0.28359375 0.63828125 0.103125 0.34375
0 0.334375 0.60703125 0.103125 0.321875
0 0.46875 0.60234375 0.1046875 0.3234375
0 0.621875 0.5828125 0.1109375 0.33125
0 0.68359375 0.58515625 0.128125 0.3546875
0 0.790625 0.58828125 0.16875 0.4734375
0 0.84296875 0.553125 0.1125 0.4078125
1 0.24609375 0.56171875 0.0390625 0.14375
1 0.36875 0.54140625 0.0625 0.15
1 0.4875 0.52265625 0.0625 0.1671875
1 0.62890625 0.44140625 0.053125 0.0671875
1 0.81953125 0.39609375 0.028125 0.0515625