0 0.121875 0.58125 0.103125 0.3875
0 0.25546875 0.57734375 0.0734375 0.34375
0 0.31171875 0.56015625 0.0765625 0.321875
0 0.44375 0.590625 0.078125 0.3234375
0 0.59609375 0.6109375 0.084375 0.3296875
0 0.65546875 0.6296875 0.1 0.353125
0 0.7578125 0.6609375 0.1296875 0.4703125
0 0.81796875 0.63984375 0.078125 0.4078125
1 0.23828125 0.49375 0.0265625 0.14375
1 0.3625 0.50625 0.05 0.1484375
1 0.48203125 0.51875 0.05 0.1671875
1 0.6390625 0.4765625 0.0484375 0.0640625
1 0.8359375 0.48203125 0.0234375 0.05