0 0.85703125 0.5484375 0.0578125 0.321875
0 0.78203125 0.55703125 0.0875 0.3828125
0 0.7140625 0.53046875 0.05625 0.3
0 0.61953125 0.571875 0.0421875 0.3046875
0 0.5234375 0.5828125 0.0703125 0.3203125
0 0.46015625 0.61640625 0.078125 0.4296875
0 0.3609375 0.6015625 0.071875 0.396875
0 0.23203125 0.659375 0.109375 0.5125
0 0.1578125 0.621875 0.0875 0.4828125
0 0.64609375 0.49609375 0.0296875 0.153125
1 0.67265625 0.47734375 0.0390625 0.1484375
1 0.57734375 0.490625 0.0453125 0.1671875
1 0.44921875 0.44765625 0.05 0.08125
1 0.30859375 0.515625 0.065625 0.2125
1 0.10703125 0.53671875 0.06875 0.24375