0 0.0484375 0.47734375 0.06875 0.3578125
0 0.14765625 0.48046875 0.07109375 0.31171875
0 0.309375 0.4578125 0.07109375 0.3484375
0 0.40625 0.45703125 0.08046875 0.41328125
0 0.47890625 0.4625 0.0734375 0.34453125
0 0.67265625 0.471875 0.08828125 0.3203125
0 0.83515625 0.465625 0.08984375 0.35
1 0.1890625 0.39921875 0.04140625 0.17109375
1 0.34296875 0.33515625 0.0453125 0.0609375
1 0.496875 0.3359375 0.0375 0.06953125
1 0.66484375 0.32265625 0.05703125 0.06640625
1 0.83984375 0.31328125 0.06171875 0.065625