0 0.1015625 0.71640625 0.1265625 0.3171875
0 0.14140625 0.66328125 0.1328125 0.346875
0 0.1984375 0.66796875 0.16875 0.44375
0 0.271875 0.63828125 0.1625 0.4125
0 0.3140625 0.63828125 0.125 0.33125
0 0.4328125 0.6 0.1546875 0.384375
0 0.48046875 0.58984375 0.1328125 0.334375
0 0.61015625 0.55078125 0.14375 0.375
0 0.6609375 0.54375 0.1421875 0.38125
0 0.80859375 0.5046875 0.1578125 0.371875
1 0.15234375 0.52578125 0.059375 0.046875
1 0.32109375 0.559375 0.0953125 0.1828125
1 0.46796875 0.51875 0.0859375 0.1890625
1 0.6140625 0.40390625 0.0625 0.05625
1 0.77890625 0.36328125 0.071875 0.065625