0 0.0765625 0.684375 0.153125 0.390625
0 0.15234375 0.64140625 0.15 0.340625
0 0.3265625 0.5875 0.153125 0.359375
0 0.40703125 0.59375 0.175 0.365625
0 0.465625 0.546875 0.1609375 0.3640625
0 0.62265625 0.50234375 0.1359375 0.3453125
0 0.6484375 0.496875 0.1328125 0.3546875
0 0.69296875 0.49140625 0.1765625 0.434375
0 0.83984375 0.47890625 0.1421875 0.3328125
1 0.18125 0.56171875 0.0890625 0.178125
1 0.321875 0.48125 0.0625 0.1109375
1 0.47578125 0.47890625 0.0828125 0.1796875
1 0.6140625 0.36796875 0.0703125 0.0578125
1 0.7921875 0.35625 0.084375 0.1421875