0 0.1265625 0.65546875 0.165625 0.3625
0 0.2984375 0.603125 0.1171875 0.340625
0 0.334375 0.596875 0.13125 0.38125
0 0.39140625 0.6140625 0.178125 0.4421875
0 0.45546875 0.53671875 0.125 0.3265625
0 0.82890625 0.45625 0.1484375 0.35
0 0.7234375 0.45625 0.1140625 0.29375
0 0.6890625 0.4671875 0.096875 0.246875
0 0.55 0.54765625 0.1171875 0.30625
0 0.61171875 0.51875 0.0984375 0.28125
0 0.59140625 0.55234375 0.1375 0.36875
1 0.64140625 0.42265625 0.071875 0.146875
1 0.53046875 0.40234375 0.0546875 0.059375
1 0.40859375 0.48671875 0.0734375 0.1625
1 0.26484375 0.5234375 0.0640625 0.171875
1 0.08984375 0.5125 0.078125 0.0921875