0 0.09609375 0.525 0.1140625 0.3578125
0 0.27578125 0.53203125 0.065625 0.34375
0 0.31171875 0.5375 0.071875 0.3859375
0 0.36015625 0.57265625 0.1125 0.4421875
0 0.4453125 0.5203125 0.075 0.3265625
0 0.825 0.565625 0.0984375 0.3484375
0 0.72578125 0.53125 0.0703125 0.29375
0 0.6890625 0.53046875 0.059375 0.246875
0 0.53125 0.56171875 0.0703125 0.3078125
0 0.59921875 0.55390625 0.05625 0.2828125
0 0.56953125 0.57890625 0.08125 0.3703125
1 0.659375 0.4734375 0.05 0.14375
1 0.5609375 0.4171875 0.046875 0.0546875
1 0.41796875 0.4578125 0.05 0.1609375
1 0.2703125 0.4453125 0.0375 0.171875
1 0.10859375 0.37890625 0.0671875 0.084375