0 0.08046875 0.47578125 0.1265625 0.3
0 0.18984375 0.48515625 0.1578125 0.4046875
0 0.25390625 0.4921875 0.1421875 0.359375
0 0.365625 0.54921875 0.1515625 0.3953125
0 0.421875 0.53828125 0.13125 0.346875
0 0.56484375 0.60625 0.1296875 0.3640625
0 0.59375 0.5421875 0.121875 0.2765625
0 0.75546875 0.628125 0.1515625 0.365625
0 0.81015625 0.64921875 0.1671875 0.43125
1 0.13984375 0.403125 0.090625 0.1828125
1 0.3015625 0.4421875 0.078125 0.178125
1 0.45 0.478125 0.0734375 0.1828125
1 0.6203125 0.51796875 0.0703125 0.190625
1 0.7625 0.54453125 0.0734375 0.1796875