0 0.83046875 0.53515625 0.096875 0.3125
0 0.7359375 0.53984375 0.096875 0.3359375
0 0.653125 0.50859375 0.0921875 0.3328125
0 0.115625 0.478125 0.1390625 0.48125
0 0.1578125 0.48515625 0.1 0.3828125
0 0.2390625 0.52421875 0.134375 0.4546875
0 0.33515625 0.49296875 0.0875 0.3390625
0 0.3875 0.521875 0.1046875 0.3953125
0 0.45390625 0.5671875 0.1203125 0.4640625
0 0.528125 0.3890625 0.0578125 0.115625
0 0.553125 0.5453125 0.0953125 0.340625
1 0.1625 0.39375 0.0703125 0.2046875
1 0.33203125 0.4109375 0.075 0.1921875
1 0.48984375 0.36953125 0.0484375 0.0671875
1 0.61875 0.4359375 0.059375 0.165625
1 0.74140625 0.403125 0.05 0.071875