0 0.83671875 0.54921875 0.0671875 0.41875
0 0.03984375 0.5453125 0.06328125 0.36015625
0 0.13125 0.5546875 0.05546875 0.33125
0 0.325 0.54296875 0.05 0.3515625
0 0.4671875 0.53046875 0.05625 0.40703125
0 0.646875 0.5484375 0.0640625 0.36875
0 0.403125 0.5609375 0.06328125 0.48984375
0 0.23046875 0.5453125 0.09609375 0.41015625
1 0.153125 0.4734375 0.05 0.1828125
1 0.3015625 0.4703125 0.0328125 0.18359375
1 0.4828125 0.47265625 0.028125 0.19140625
1 0.6703125 0.40859375 0.0234375 0.06015625
1 0.8375 0.39375 0.06015625 0.04375