0 0.12890625 0.5609375 0.090625 0.178125
0 0.196875 0.73828125 0.178125 0.5171875
0 0.27265625 0.73125 0.2078125 0.5375
0 0.34609375 0.5828125 0.090625 0.2609375
0 0.39609375 0.64375 0.18125 0.4921875
0 0.45546875 0.6 0.1578125 0.4375
0 0.575 0.61796875 0.2078125 0.546875
0 0.6328125 0.5171875 0.121875 0.315625
0 0.72421875 0.51953125 0.14375 0.3453125
0 0.7515625 0.4828125 0.103125 0.30625
0 0.796875 0.4765625 0.0953125 0.2890625
0 0.83203125 0.49453125 0.1484375 0.4015625
0 0.89921875 0.471875 0.1171875 0.3203125
1 0.68125 0.44140625 0.071875 0.15625
1 0.575 0.4171875 0.0515625 0.075
1 0.46015625 0.50234375 0.0890625 0.1875
1 0.31640625 0.54296875 0.103125 0.2125
1 0.11328125 0.603125 0.1015625 0.24375