0 0.8171875 0.6234375 0.159375 0.4234375
0 0.05625 0.440625 0.1125 0.365625
0 0.128125 0.4703125 0.128125 0.3359375
0 0.31953125 0.50234375 0.128125 0.353125
0 0.4609375 0.52265625 0.146875 0.409375
0 0.63203125 0.58046875 0.1453125 0.3734375
0 0.3921875 0.5375 0.171875 0.4921875
0 0.22734375 0.48359375 0.1859375 0.421875
1 0.16796875 0.39609375 0.0890625 0.1890625
1 0.31328125 0.4265625 0.0734375 0.1859375
1 0.4890625 0.46953125 0.0703125 0.1921875
1 0.68671875 0.44921875 0.0359375 0.0640625
1 0.853125 0.47265625 0.06875 0.05625