0 0.09453125 0.534375 0.103125 0.428125
0 0.19609375 0.5234375 0.1140625 0.396875
0 0.3890625 0.53125 0.071875 0.3375
0 0.428125 0.5796875 0.103125 0.50625
0 0.54140625 0.48359375 0.0578125 0.215625
0 0.56796875 0.57578125 0.10625 0.4375
0 0.640625 0.55078125 0.0921875 0.4125
0 0.69609375 0.5375 0.0859375 0.30625
0 0.8234375 0.53828125 0.0734375 0.3125
0 0.90703125 0.55703125 0.0828125 0.353125
1 0.203125 0.365625 0.0671875 0.059375
1 0.37890625 0.45 0.0671875 0.1890625
1 0.52265625 0.45703125 0.0546875 0.1796875
1 0.68046875 0.4 0.0359375 0.040625
1 0.784375 0.46796875 0.05625 0.1578125