0 0.83984375 0.484375 0.1453125 0.4234375
0 0.0609375 0.63125 0.121875 0.365625
0 0.1484375 0.62421875 0.1171875 0.3359375
0 0.33671875 0.57578125 0.115625 0.3546875
0 0.4734375 0.5359375 0.1328125 0.4109375
0 0.653125 0.51953125 0.1328125 0.3734375
0 0.41640625 0.578125 0.15625 0.4921875
0 0.24375 0.59609375 0.171875 0.4203125
1 0.1546875 0.53984375 0.084375 0.1890625
1 0.29921875 0.50859375 0.0671875 0.1859375
1 0.478125 0.4765625 0.0640625 0.19375
1 0.65 0.378125 0.034375 0.0640625
1 0.8109375 0.33125 0.0671875 0.0546875