0 0.12734375 0.45 0.065625 0.175
0 0.13984375 0.6390625 0.1 0.5203125
0 0.2140625 0.65703125 0.128125 0.5390625
0 0.328125 0.534375 0.05 0.2625
0 0.35859375 0.60703125 0.10625 0.4921875
0 0.428125 0.5828125 0.090625 0.4390625
0 0.5375 0.63515625 0.1265625 0.546875
0 0.621875 0.55546875 0.075 0.3140625
0 0.70859375 0.584375 0.0921875 0.3421875
0 0.74609375 0.55703125 0.0578125 0.3078125
0 0.790625 0.5640625 0.0515625 0.290625
0 0.81953125 0.5921875 0.0875 0.4015625
0 0.88984375 0.58984375 0.06875 0.3203125
1 0.690625 0.496875 0.0484375 0.153125
1 0.5953125 0.4421875 0.0421875 0.0703125
1 0.46171875 0.49140625 0.0625 0.184375
1 0.3125 0.4875 0.071875 0.209375
1 0.1 0.48515625 0.065625 0.2421875