0 0.121875 0.54765625 0.0953125 0.4171875
0 0.17109375 0.55546875 0.0703125 0.328125
0 0.2375 0.5546875 0.10625 0.4171875
0 0.340625 0.55703125 0.0984375 0.3578125
0 0.4953125 0.55546875 0.0859375 0.36875
0 0.5578125 0.5734375 0.0859375 0.3515625
0 0.646875 0.57265625 0.0921875 0.4015625
0 0.7046875 0.5765625 0.0890625 0.38125
0 0.9046875 0.58828125 0.121875 0.3875
1 0.87578125 0.5109375 0.059375 0.1984375
1 0.70859375 0.428125 0.059375 0.0453125
1 0.52421875 0.42578125 0.05625 0.0515625
1 0.37109375 0.48515625 0.0609375 0.184375
1 0.21015625 0.41328125 0.040625 0.0453125