1 0.1 0.4828125 0.10625 0.2171875
1 0.22109375 0.39609375 0.0765625 0.0890625
1 0.35859375 0.43046875 0.09375 0.1921875
1 0.46953125 0.40625 0.0890625 0.1921875
1 0.57265625 0.38203125 0.08125 0.1796875
1 0.67421875 0.3609375 0.071875 0.165625
1 0.765625 0.3375 0.0765625 0.1671875
0 0.1015625 0.590625 0.1390625 0.3859375
0 0.21328125 0.55 0.16875 0.4515625
0 0.26484375 0.54765625 0.10625 0.3296875
0 0.67109375 0.44140625 0.115625 0.328125
0 0.9 0.38359375 0.0984375 0.3046875
0 0.8578125 0.40078125 0.159375 0.4328125