1 0.18359375 0.53203125 0.096875 0.20625
1 0.3015625 0.44609375 0.0703125 0.0890625
1 0.415625 0.42265625 0.0671875 0.0734375
1 0.53515625 0.46640625 0.0828125 0.1890625
1 0.63671875 0.4453125 0.075 0.171875
1 0.73515625 0.425 0.0734375 0.16875
1 0.91640625 0.396875 0.0703125 0.171875
0 0.15546875 0.64453125 0.1328125 0.378125
0 0.2890625 0.61484375 0.140625 0.428125
0 0.33203125 0.5953125 0.1140625 0.375
0 0.43984375 0.5671875 0.1375 0.3671875
0 0.753125 0.50625 0.1734375 0.3453125
0 0.83203125 0.47578125 0.140625 0.39375
0 0.8890625 0.4765625 0.1015625 0.296875