0 0.06875 0.39765625 0.1375 0.3671875
0 0.2078125 0.44453125 0.1546875 0.359375
0 0.38359375 0.515625 0.121875 0.30625
0 0.440625 0.53515625 0.1328125 0.3296875
0 0.5421875 0.53203125 0.1421875 0.3640625
0 0.8703125 0.65 0.1328125 0.315625
1 0.13359375 0.34609375 0.0875 0.1921875
1 0.24765625 0.32421875 0.0734375 0.08125
1 0.34375 0.4078125 0.096875 0.184375
1 0.465625 0.390625 0.0734375 0.1125
1 0.66640625 0.4921875 0.0890625 0.1796875
1 0.765625 0.521875 0.090625 0.178125
1 0.878125 0.54921875 0.0953125 0.1796875
1 0.575 0.3984375 0.06875 0.0671875