0 0.14296875 0.4734375 0.1109375 0.328125
0 0.26640625 0.54765625 0.103125 0.359375
0 0.23203125 0.534375 0.090625 0.325
0 0.36015625 0.54921875 0.14375 0.4734375
0 0.47109375 0.59296875 0.1640625 0.4984375
0 0.621875 0.640625 0.184375 0.5734375
0 0.71171875 0.72578125 0.1890625 0.5484375
1 0.221875 0.41171875 0.0640625 0.1609375
1 0.29609375 0.36171875 0.05 0.0484375
1 0.36015625 0.38515625 0.0546875 0.078125
1 0.4421875 0.4671875 0.096875 0.215625
1 0.55 0.5 0.1015625 0.246875
1 0.7109375 0.4796875 0.084375 0.1640625
1 0.8671875 0.57890625 0.159375 0.3328125