0 0.15703125 0.603125 0.1171875 0.328125
0 0.29921875 0.628125 0.109375 0.3578125
0 0.2625 0.628125 0.0953125 0.325
0 0.3875 0.59609375 0.1515625 0.4734375
0 0.50625 0.59765625 0.171875 0.496875
0 0.6640625 0.5875 0.19375 0.5734375
0 0.78671875 0.65390625 0.1984375 0.5890625
1 0.20859375 0.5171875 0.0671875 0.1609375
1 0.26015625 0.44375 0.0515625 0.0484375
1 0.328125 0.44296875 0.0546875 0.078125
1 0.434375 0.48984375 0.1 0.215625
1 0.546875 0.48203125 0.10625 0.246875
1 0.6890625 0.40625 0.0875 0.1640625
1 0.87109375 0.4421875 0.1640625 0.334375