1 0.2421875 0.4484375 0.0765625 0.071875
1 0.36796875 0.41953125 0.0625 0.0546875
1 0.48515625 0.4625 0.0828125 0.178125
1 0.6515625 0.41640625 0.078125 0.159375
1 0.73203125 0.39375 0.0671875 0.15625
1 0.7921875 0.3765625 0.0640625 0.1421875
1 0.84765625 0.36328125 0.065625 0.1421875
0 0.90625 0.40078125 0.11875 0.2828125
0 0.271875 0.61484375 0.178125 0.44375
0 0.41953125 0.5625 0.1734375 0.4
0 0.525 0.52578125 0.140625 0.378125
0 0.6125 0.571875 0.23125 0.634375
0 0.66875 0.31953125 0.0609375 0.0875
0 0.72578125 0.54765625 0.1640625 0.41875
0 0.784375 0.46171875 0.1171875 0.2875