0 0.22109375 0.5578125 0.13125 0.3625
0 0.44765625 0.5109375 0.1109375 0.35
0 0.66484375 0.48125 0.1046875 0.321875
0 0.7765625 0.46484375 0.1109375 0.3125
0 0.84453125 0.44609375 0.109375 0.3328125
1 0.0890625 0.49921875 0.09375 0.1953125
1 0.196875 0.41953125 0.0765625 0.0828125
1 0.3265625 0.46015625 0.084375 0.1859375
1 0.42421875 0.38828125 0.0640625 0.0625
1 0.54140625 0.425 0.075 0.171875
1 0.63359375 0.35703125 0.0578125 0.0734375
1 0.73203125 0.34375 0.0546875 0.078125
1 0.825 0.3140625 0.0640625 0.0671875