1 0.11015625 0.47109375 0.04921875 0.14921875
1 0.203125 0.47578125 0.04296875 0.15
1 0.29375 0.4734375 0.04453125 0.14921875
1 0.3828125 0.47109375 0.04765625 0.14921875
1 0.478125 0.471875 0.04296875 0.1390625
1 0.57265625 0.4328125 0.04765625 0.071875
1 0.671875 0.4359375 0.04765625 0.06953125
1 0.77109375 0.4734375 0.05 0.153125
0 0.7921875 0.54140625 0.06015625 0.321875
0 0.67578125 0.56015625 0.05 0.278125
0 0.57421875 0.55703125 0.05625 0.28515625
0 0.46484375 0.546875 0.0625 0.29609375
0 0.35546875 0.54140625 0.05390625 0.3234375
0 0.27109375 0.5296875 0.053125 0.30703125
0 0.171875 0.553125 0.06328125 0.2625
0 0.06875 0.54453125 0.04609375 0.2734375