0 0.0484375 0.60859375 0.0859375 0.31875
0 0.15 0.57734375 0.0859375 0.2734375
0 0.2234375 0.55703125 0.0734375 0.2640625
0 0.25546875 0.57109375 0.05625 0.259375
0 0.2828125 0.59296875 0.084375 0.34375
0 0.29296875 0.46953125 0.03125 0.071875
0 0.34375 0.578125 0.090625 0.2921875
0 0.37265625 0.47265625 0.0359375 0.0734375
0 0.41875 0.56328125 0.0921875 0.3609375
0 0.46328125 0.5453125 0.0765625 0.3140625
0 0.5078125 0.56875 0.0953125 0.3640625
0 0.5609375 0.54296875 0.0921875 0.325
0 0.640625 0.5859375 0.103125 0.34375
0 0.67421875 0.55234375 0.096875 0.340625
0 0.79140625 0.440625 0.103125 0.2125
0 0.84296875 0.56171875 0.109375 0.415625
0 0.93359375 0.5390625 0.1203125 0.3875
1 0.9203125 0.3828125 0.0796875 0.0796875
1 0.7828125 0.38515625 0.0640625 0.0578125
1 0.6875 0.4640625 0.059375 0.18125
1 0.57109375 0.45078125 0.05 0.1140625
1 0.47265625 0.428125 0.046875 0.059375
1 0.39140625 0.4359375 0.040625 0.05
1 0.3234375 0.44765625 0.046875 0.0484375