1 0.165625 0.428125 0.05625 0.171875
1 0.23515625 0.42890625 0.0515625 0.1765625
1 0.328125 0.38515625 0.05625 0.0703125
1 0.4234375 0.4546875 0.0671875 0.203125
1 0.5375 0.4671875 0.0703125 0.215625
1 0.6625 0.4828125 0.0890625 0.234375
1 0.82890625 0.4984375 0.0984375 0.2546875
0 0.634375 0.590625 0.109375 0.453125
0 0.4875 0.575 0.084375 0.3828125
0 0.36171875 0.53828125 0.0890625 0.384375
0 0.275 0.54375 0.1015625 0.4828125
0 0.11953125 0.5015625 0.0796875 0.2953125
0 0.06953125 0.4875 0.059375 0.2828125
0 0.03125 0.47578125 0.0578125 0.28125