0 0.4640625 0.66640625 0.1796875 0.5171875
0 0.58359375 0.59921875 0.20625 0.553125
0 0.81328125 0.4015625 0.10625 0.2875
0 0.7671875 0.45625 0.13125 0.30625
0 0.6921875 0.46015625 0.1203125 0.3078125
0 0.63828125 0.5421875 0.11875 0.334375
0 0.5078125 0.58359375 0.1484375 0.4
0 0.33671875 0.615625 0.146875 0.3625
0 0.184375 0.6828125 0.1359375 0.3765625
0 0.2609375 0.70546875 0.20625 0.490625
1 0.14609375 0.52109375 0.0625 0.0828125
1 0.2875 0.47890625 0.0703125 0.0828125
1 0.37890625 0.44453125 0.040625 0.059375
1 0.48671875 0.4078125 0.040625 0.05625
1 0.565625 0.39296875 0.0453125 0.0734375
1 0.64140625 0.41640625 0.065625 0.15
1 0.69609375 0.34765625 0.0421875 0.0546875