1 0.1828125 0.4765625 0.0453125 0.14296875
1 0.27265625 0.4359375 0.03828125 0.05625
1 0.36328125 0.434375 0.03359375 0.06328125
1 0.4609375 0.41484375 0.01875 0.0328125
1 0.53671875 0.43359375 0.04453125 0.0640625
1 0.62890625 0.4125 0.04765625 0.03828125
1 0.721875 0.42421875 0.0375 0.06171875
1 0.81484375 0.434375 0.0453125 0.0921875
0 0.0734375 0.55625 0.059375 0.28203125
0 0.14765625 0.5421875 0.0546875 0.28046875
0 0.25703125 0.5328125 0.059375 0.26875
0 0.3234375 0.54375 0.04375 0.33046875
0 0.35625 0.54140625 0.0359375 0.259375
0 0.4359375 0.534375 0.03828125 0.28984375
0 0.475 0.54609375 0.0453125 0.33671875
0 0.53515625 0.5453125 0.03828125 0.24921875
0 0.621875 0.525 0.0359375 0.28671875
0 0.66484375 0.56484375 0.046875 0.31875
0 0.72578125 0.5265625 0.0375 0.2828125
0 0.76171875 0.54453125 0.04453125 0.3234375
0 0.83828125 0.5375 0.04921875 0.2609375
0 0.884375 0.53359375 0.05859375 0.34140625