0 0.0984375 0.66484375 0.159375 0.409375
0 0.13984375 0.61328125 0.1109375 0.2984375
0 0.2234375 0.60390625 0.1109375 0.3015625
0 0.309375 0.58828125 0.109375 0.3046875
0 0.36796875 0.59609375 0.1359375 0.353125
0 0.4125 0.578125 0.1 0.3
0 0.46953125 0.60390625 0.1328125 0.353125
0 0.5125 0.5578125 0.115625 0.3109375
0 0.596875 0.5640625 0.165625 0.39375
0 0.5984375 0.446875 0.0546875 0.0953125
0 0.71796875 0.5203125 0.134375 0.3546875
0 0.775 0.51640625 0.146875 0.3890625
0 0.82109375 0.35078125 0.071875 0.1140625
0 0.8515625 0.39140625 0.1125 0.1828125
0 0.93203125 0.58046875 0.1359375 0.6296875
1 0.16484375 0.54921875 0.075 0.1546875
1 0.25078125 0.53515625 0.0734375 0.1640625
1 0.3171875 0.46015625 0.05 0.0546875
1 0.40078125 0.45703125 0.0640625 0.075
1 0.496875 0.4421875 0.0671875 0.0890625
1 0.61015625 0.46328125 0.0890625 0.18125
1 0.71171875 0.37890625 0.05625 0.065625
1 0.8234375 0.35625 0.0734375 0.0734375