1 0.2453125 0.40078125 0.0703125 0.1484375
1 0.32109375 0.425 0.0765625 0.146875
1 0.4890625 0.42890625 0.05625 0.08125
1 0.56328125 0.490625 0.0859375 0.1671875
1 0.67109375 0.50625 0.0765625 0.1484375
1 0.790625 0.4828125 0.0515625 0.05625
1 0.9 0.53046875 0.075 0.090625
0 0.19296875 0.45234375 0.109375 0.2765625
0 0.27109375 0.4828125 0.096875 0.259375
0 0.34453125 0.49140625 0.103125 0.303125
0 0.3765625 0.52578125 0.1484375 0.378125
0 0.4359375 0.528125 0.1 0.275
0 0.4734375 0.578125 0.128125 0.3234375
0 0.53203125 0.55078125 0.1296875 0.3140625
0 0.62265625 0.59296875 0.1140625 0.3046875
0 0.6984375 0.6234375 0.14375 0.35625
0 0.75703125 0.61796875 0.1453125 0.35625
0 0.86796875 0.66875 0.1421875 0.34375