0 0.30390625 0.615625 0.146875 0.34375
0 0.26484375 0.6234375 0.1140625 0.2890625
0 0.36171875 0.6140625 0.1234375 0.3296875
0 0.38828125 0.57578125 0.10625 0.2734375
0 0.50234375 0.53125 0.1 0.234375
0 0.60078125 0.58828125 0.1234375 0.3296875
0 0.64609375 0.57109375 0.1109375 0.30625
0 0.70234375 0.46953125 0.1078125 0.2734375
0 0.55546875 0.51953125 0.1 0.259375
0 0.57578125 0.425 0.0484375 0.0875
0 0.6078125 0.415625 0.059375 0.109375
0 0.1671875 0.6859375 0.1515625 0.39375
0 0.121875 0.69140625 0.1046875 0.3265625
0 0.0828125 0.6921875 0.1203125 0.3125
0 0.04296875 0.7140625 0.08125 0.3
1 0.071875 0.55703125 0.078125 0.1046875
1 0.23125 0.54375 0.0671875 0.146875
1 0.34375 0.471875 0.0578125 0.0671875
1 0.4703125 0.4765625 0.0625 0.1328125
1 0.55234375 0.41484375 0.046875 0.0609375