0 0.20859375 0.56953125 0.1234375 0.4578125
0 0.29765625 0.584375 0.13125 0.484375
0 0.36875 0.5765625 0.09375 0.4015625
0 0.42734375 0.61640625 0.128125 0.478125
0 0.50078125 0.57734375 0.09375 0.353125
0 0.59296875 0.59609375 0.1015625 0.371875
0 0.61640625 0.5796875 0.0734375 0.284375
0 0.68046875 0.68984375 0.10625 0.415625
0 0.7265625 0.58984375 0.078125 0.309375
0 0.78125 0.62265625 0.096875 0.3609375
0 0.87265625 0.64453125 0.11875 0.4140625
0 0.90078125 0.59140625 0.0640625 0.2578125
0 0.8015625 0.5609375 0.0734375 0.284375
0 0.83203125 0.5765625 0.0421875 0.25625
1 0.33203125 0.4453125 0.0734375 0.1375
1 0.48359375 0.43046875 0.0546875 0.065625
1 0.5953125 0.49453125 0.0625 0.1609375
1 0.69375 0.4953125 0.0546875 0.153125
1 0.77421875 0.49765625 0.0484375 0.13125