0 0.18515625 0.665625 0.08125 0.4
0 0.28046875 0.66796875 0.0890625 0.45625
0 0.334375 0.49296875 0.0421875 0.09375
0 0.37421875 0.6875 0.0828125 0.509375
0 0.43359375 0.72109375 0.1 0.5109375
0 0.4078125 0.46171875 0.0484375 0.065625
0 0.515625 0.625 0.078125 0.4
0 0.540625 0.4671875 0.034375 0.0875
0 0.6015625 0.54453125 0.0515625 0.2625
0 0.65859375 0.56328125 0.0546875 0.2765625
0 0.71171875 0.5734375 0.0765625 0.3234375
0 0.7640625 0.478125 0.040625 0.1421875
0 0.8 0.61328125 0.075 0.3984375
0 0.82421875 0.53359375 0.065625 0.2796875
1 0.13125 0.5671875 0.078125 0.2234375
1 0.2890625 0.49375 0.04375 0.0796875
1 0.409375 0.4890625 0.059375 0.0609375
1 0.48828125 0.51953125 0.040625 0.14375
1 0.55625 0.50859375 0.04375 0.134375