0 0.08671875 0.45625 0.14375 0.39375
0 0.04453125 0.403125 0.0890625 0.246875
0 0.13984375 0.4421875 0.125 0.3328125
0 0.29921875 0.49609375 0.128125 0.35625
0 0.32421875 0.39375 0.1125 0.19375
0 0.40703125 0.47265625 0.115625 0.3
0 0.49609375 0.37890625 0.05 0.06875
0 0.4765625 0.5515625 0.1453125 0.384375
0 0.534375 0.51796875 0.1296875 0.35
0 0.5875 0.51328125 0.075 0.2453125
0 0.60078125 0.51796875 0.090625 0.278125
0 0.65390625 0.53984375 0.128125 0.3390625
0 0.7015625 0.51875 0.0921875 0.253125
0 0.7515625 0.5484375 0.0921875 0.25625
0 0.81875 0.534375 0.1296875 0.3375
1 0.4421875 0.415625 0.078125 0.1609375
1 0.32421875 0.346875 0.0640625 0.0671875
1 0.1609375 0.37265625 0.0984375 0.1828125
1 0.5875 0.4 0.0546875 0.0796875
1 0.7 0.41171875 0.053125 0.0703125