0 0.14609375 0.534375 0.0765625 0.37109375
0 0.0890625 0.55859375 0.06171875 0.3265625
0 0.29921875 0.5265625 0.065625 0.32265625
0 0.35625 0.5625 0.06953125 0.3421875
0 0.39609375 0.52109375 0.05859375 0.27265625
0 0.44375 0.50234375 0.046875 0.29375
0 0.5015625 0.51796875 0.059375 0.31171875
0 0.5640625 0.4890625 0.0546875 0.2609375
0 0.6296875 0.4953125 0.0515625 0.3140625
0 0.653125 0.4984375 0.03515625 0.2203125
0 0.73984375 0.50078125 0.0609375 0.2640625
1 0.10390625 0.390625 0.0375 0.0578125
1 0.278125 0.44765625 0.0578125 0.171875
1 0.40703125 0.4421875 0.0484375 0.1546875
1 0.5203125 0.40546875 0.04140625 0.1
1 0.61796875 0.43125 0.0390625 0.1265625