0 0.06796875 0.3703125 0.1171875 0.328125
0 0.134375 0.37734375 0.1171875 0.3171875
0 0.20078125 0.42265625 0.13125 0.3671875
0 0.26484375 0.4234375 0.10625 0.3046875
0 0.3078125 0.44140625 0.096875 0.2703125
0 0.36796875 0.44765625 0.1703125 0.440625
0 0.41953125 0.4453125 0.1109375 0.309375
0 0.471875 0.46015625 0.1375 0.371875
0 0.59921875 0.52109375 0.15 0.3640625
0 0.66953125 0.38984375 0.053125 0.0984375
0 0.709375 0.54765625 0.146875 0.359375
0 0.7921875 0.5578125 0.1453125 0.371875
1 0.1796875 0.3234375 0.06875 0.175
1 0.33125 0.309375 0.0625 0.0875
1 0.48359375 0.3265625 0.053125 0.0421875
1 0.6390625 0.3765625 0.0640625 0.0703125
1 0.78671875 0.47421875 0.0890625 0.1875