1 0.159375 0.48046875 0.0796875 0.175
1 0.30546875 0.49765625 0.0703125 0.159375
1 0.459375 0.45859375 0.06875 0.0796875
1 0.60625 0.525 0.0703125 0.16875
1 0.7609375 0.49921875 0.075 0.0796875
0 0.11953125 0.53671875 0.1125 0.3359375
0 0.20546875 0.56171875 0.109375 0.3359375
0 0.28984375 0.565625 0.115625 0.3171875
0 0.4109375 0.5890625 0.090625 0.3078125
0 0.4578125 0.5796875 0.1 0.334375
0 0.5875 0.5875 0.121875 0.3609375
0 0.71484375 0.621875 0.0984375 0.3234375
0 0.78046875 0.63203125 0.096875 0.3125