0 0.15390625 0.4953125 0.0796875 0.2359375
0 0.20234375 0.49296875 0.08125 0.221875
0 0.265625 0.5109375 0.1125 0.29375
0 0.31640625 0.521875 0.0828125 0.225
0 0.396875 0.55625 0.1046875 0.2765625
0 0.4375 0.49375 0.0609375 0.1609375
0 0.54140625 0.565625 0.0796875 0.2375
0 0.565625 0.58125 0.1015625 0.2640625
1 0.66953125 0.54140625 0.065625 0.1328125
1 0.55625 0.51875 0.0609375 0.1265625
1 0.43828125 0.4921875 0.06875 0.1296875
1 0.34140625 0.465625 0.0609375 0.1234375
1 0.2359375 0.44453125 0.05625 0.125