0 0.14296875 0.59296875 0.1 0.3828125
0 0.20859375 0.58828125 0.1375 0.45
0 0.325 0.5875 0.103125 0.4
0 0.39921875 0.6078125 0.1015625 0.371875
0 0.46171875 0.61171875 0.125 0.4234375
0 0.56953125 0.58984375 0.0875 0.3203125
0 0.65078125 0.57265625 0.0765625 0.2421875
0 0.684375 0.6265625 0.0859375 0.33125
0 0.78828125 0.62109375 0.09375 0.3015625
1 0.134375 0.47890625 0.09375 0.2265625
1 0.3015625 0.49453125 0.0765625 0.1953125
1 0.43359375 0.45390625 0.0546875 0.0765625
1 0.54140625 0.5171875 0.05625 0.1578125
1 0.628125 0.5265625 0.05625 0.14375