0 0.93359375 0.6625 0.090625 0.3203125
0 0.85078125 0.71328125 0.0859375 0.346875
0 0.7890625 0.64140625 0.065625 0.284375
0 0.73984375 0.64765625 0.096875 0.35625
0 0.64375 0.51640625 0.0375 0.1046875
0 0.65 0.6359375 0.065625 0.30625
0 0.55859375 0.52734375 0.0515625 0.1515625
0 0.5640625 0.7328125 0.140625 0.515625
0 0.50859375 0.63984375 0.0859375 0.3484375
0 0.45 0.67109375 0.1171875 0.4828125
0 0.384375 0.63125 0.1125 0.4140625
0 0.29921875 0.61640625 0.1140625 0.41875
0 0.18359375 0.69453125 0.1328125 0.5203125
0 0.1328125 0.44921875 0.090625 0.121875
0 0.09453125 0.65625 0.1375 0.496875
0 0.6875 0.534375 0.0453125 0.1046875
1 0.609375 0.5046875 0.0421875 0.0671875
1 0.52890625 0.49375 0.04375 0.0796875
1 0.415625 0.46953125 0.0578125 0.06875
1 0.27265625 0.51953125 0.0828125 0.2140625
1 0.07578125 0.50859375 0.1046875 0.253125