0 0.04453125 0.59296875 0.08125 0.390625
0 0.13046875 0.56640625 0.084375 0.3375
0 0.3125 0.55 0.08125 0.3578125
0 0.38984375 0.57265625 0.1046875 0.359375
0 0.45703125 0.5390625 0.0890625 0.3609375
0 0.61953125 0.528125 0.0671875 0.346875
0 0.64609375 0.52734375 0.0609375 0.3578125
0 0.690625 0.53125 0.0890625 0.434375
0 0.83671875 0.55 0.0765625 0.33125
1 0.175 0.49453125 0.05625 0.1734375
1 0.3296875 0.44453125 0.040625 0.10625
1 0.48046875 0.47421875 0.046875 0.178125
1 0.6390625 0.39453125 0.0625 0.046875
1 0.815625 0.4203125 0.0578125 0.1359375