0 0.11953125 0.459375 0.1359375 0.3890625
0 0.15859375 0.4875 0.15 0.46875
0 0.2015625 0.525 0.196875 0.5609375
0 0.2953125 0.48515625 0.1328125 0.38125
0 0.340625 0.51171875 0.1484375 0.378125
0 0.43359375 0.51640625 0.140625 0.3953125
0 0.49609375 0.42734375 0.08125 0.1734375
0 0.55078125 0.525 0.11875 0.321875
0 0.5921875 0.56015625 0.140625 0.3640625
0 0.63828125 0.53359375 0.096875 0.28125
0 0.6765625 0.521875 0.0921875 0.2390625
0 0.72421875 0.5765625 0.125 0.31875
0 0.78984375 0.5703125 0.1171875 0.278125
0 0.803125 0.45625 0.0484375 0.078125
1 0.125 0.35234375 0.1203125 0.228125
1 0.3109375 0.3390625 0.059375 0.0859375
1 0.42578125 0.41796875 0.08125 0.1609375
1 0.534375 0.4390625 0.06875 0.1453125
1 0.6203125 0.43046875 0.0515625 0.08125