0 0.040625 0.56875 0.06171875 0.38828125
0 0.12734375 0.546875 0.06640625 0.334375
0 0.31015625 0.53984375 0.06328125 0.35546875
0 0.3859375 0.56640625 0.08671875 0.3546875
0 0.4546875 0.53671875 0.0703125 0.3578125
0 0.61796875 0.534375 0.04921875 0.34453125
0 0.64453125 0.53515625 0.04296875 0.35546875
0 0.6890625 0.54140625 0.06640625 0.43203125
0 0.83359375 0.5671875 0.059375 0.328125
1 0.17578125 0.47734375 0.046875 0.17109375
1 0.3328125 0.4359375 0.0359375 0.1046875
1 0.48203125 0.4734375 0.03828125 0.1765625
1 0.64453125 0.40234375 0.0609375 0.04375
1 0.81953125 0.43671875 0.0515625 0.1328125