0 0.13046875 0.43046875 0.0734375 0.1765625
0 0.13359375 0.6203125 0.1265625 0.5203125
0 0.20625 0.6421875 0.1546875 0.5421875
0 0.3265625 0.525 0.0640625 0.2625
0 0.353125 0.59921875 0.13125 0.49375
0 0.42421875 0.57890625 0.1140625 0.4390625
0 0.53046875 0.63671875 0.153125 0.5484375
0 0.61875 0.56171875 0.090625 0.315625
0 0.70390625 0.5953125 0.109375 0.34375
0 0.7421875 0.56953125 0.0734375 0.3078125
0 0.78671875 0.5796875 0.065625 0.2921875
0 0.8140625 0.60859375 0.1078125 0.4015625
0 0.884375 0.61015625 0.084375 0.321875
1 0.690625 0.50703125 0.05625 0.1546875
1 0.5984375 0.44765625 0.0453125 0.071875
1 0.46171875 0.4890625 0.0703125 0.1859375
1 0.31328125 0.478125 0.0828125 0.2109375
1 0.1171875 0.46640625 0.1078125 0.246875