1 0.0703125 0.45078125 0.1296875 0.2921875
1 0.2546875 0.453125 0.1 0.2453125
1 0.41328125 0.45703125 0.0859375 0.2453125
1 0.5265625 0.45859375 0.0765625 0.21875
1 0.63671875 0.45546875 0.08125 0.2015625
1 0.73203125 0.45703125 0.065625 0.1890625
1 0.80625 0.4640625 0.046875 0.1734375
1 0.8703125 0.4578125 0.0546875 0.1625
0 0.42265625 0.56015625 0.1390625 0.45
0 0.55703125 0.56953125 0.09375 0.3734375
0 0.6640625 0.54765625 0.084375 0.35
0 0.75703125 0.5453125 0.0734375 0.3375
0 0.85078125 0.54140625 0.075 0.3140625
0 0.95625 0.53515625 0.0875 0.3171875