0 0.03515625 0.51640625 0.0703125 0.2765625
0 0.103125 0.53671875 0.121875 0.2984375
0 0.175 0.5140625 0.0984375 0.290625
0 0.21171875 0.553125 0.103125 0.325
0 0.25546875 0.5828125 0.1359375 0.371875
0 0.315625 0.57265625 0.0953125 0.3171875
0 0.3625 0.56171875 0.0890625 0.2859375
0 0.415625 0.60625 0.09375 0.3078125
0 0.44453125 0.590625 0.0890625 0.2859375
0 0.51484375 0.61640625 0.121875 0.3546875
0 0.5578125 0.60078125 0.0921875 0.3109375
0 0.67265625 0.66640625 0.15 0.3765625
0 0.63515625 0.6375 0.09375 0.325
0 0.73125 0.64921875 0.1203125 0.375
0 0.7828125 0.65859375 0.1375 0.403125
0 0.83984375 0.70234375 0.1890625 0.5109375
1 0.7890625 0.56640625 0.071875 0.1640625
1 0.675 0.5421875 0.078125 0.1796875
1 0.57109375 0.528125 0.075 0.175
1 0.47265625 0.509375 0.08125 0.1734375
1 0.38203125 0.503125 0.0734375 0.1640625
1 0.29765625 0.47578125 0.0734375 0.140625
1 0.22265625 0.46796875 0.0640625 0.1421875
1 0.14375 0.459375 0.0640625 0.1453125