0 0.0859375 0.50546875 0.153125 0.4125
0 0.47109375 0.57578125 0.109375 0.334375
0 0.596875 0.590625 0.1234375 0.34375
0 0.703125 0.6140625 0.1140625 0.3203125
0 0.82109375 0.6234375 0.115625 0.325
0 0.95625 0.63125 0.0875 0.365625
1 0.14453125 0.42578125 0.0953125 0.2078125
1 0.2625 0.45078125 0.0859375 0.1984375
1 0.37734375 0.46953125 0.0734375 0.1875
1 0.4953125 0.48125 0.08125 0.1890625
1 0.60546875 0.49921875 0.078125 0.171875
1 0.71328125 0.51875 0.078125 0.1734375
1 0.81953125 0.534375 0.078125 0.1890625
1 0.91875 0.55234375 0.075 0.190625