0 0.0671875 0.52734375 0.090625 0.3734375
0 0.215625 0.540625 0.08125 0.353125
0 0.35390625 0.51328125 0.103125 0.3921875
0 0.48828125 0.53984375 0.103125 0.359375
0 0.73046875 0.51875 0.1 0.4015625
0 0.91875 0.53828125 0.115625 0.3609375
1 0.08671875 0.41640625 0.090625 0.221875
1 0.23046875 0.421875 0.078125 0.215625
1 0.35859375 0.428125 0.075 0.20625
1 0.4828125 0.4359375 0.0734375 0.196875
1 0.59609375 0.43984375 0.0640625 0.196875
1 0.7109375 0.446875 0.071875 0.19375
1 0.809375 0.45 0.0609375 0.184375
1 0.91796875 0.45234375 0.0734375 0.18125