0 0.05390625 0.54453125 0.071875 0.3296875
0 0.17421875 0.54453125 0.075 0.3265625
0 0.23984375 0.52890625 0.059375 0.296875
0 0.29453125 0.5421875 0.0671875 0.31328125
0 0.3921875 0.5578125 0.065625 0.31953125
0 0.4421875 0.5453125 0.046875 0.28203125
0 0.4984375 0.565625 0.0890625 0.39375
0 0.52578125 0.54921875 0.08203125 0.30703125
0 0.6203125 0.603125 0.0703125 0.328125
0 0.6578125 0.54921875 0.05078125 0.32421875
0 0.77109375 0.603125 0.08203125 0.43046875
0 0.89609375 0.5734375 0.08046875 0.365625
0 0.953125 0.6 0.09375 0.4359375
1 0.2046875 0.459375 0.04609375 0.14453125
1 0.2859375 0.45625 0.046875 0.14453125
1 0.3703125 0.46640625 0.0546875 0.1546875
1 0.45390625 0.47109375 0.05703125 0.15703125
1 0.54921875 0.475 0.05546875 0.1671875
1 0.653125 0.47421875 0.05078125 0.165625
1 0.77578125 0.475 0.0703125 0.1734375
1 0.90078125 0.484375 0.07109375 0.19609375