0 0.08671875 0.47578125 0.1 0.3765625
0 0.1390625 0.43359375 0.0765625 0.3203125
0 0.146875 0.4796875 0.0859375 0.3015625
0 0.21484375 0.49609375 0.1328125 0.3765625
0 0.29296875 0.528125 0.1078125 0.3671875
0 0.35546875 0.59765625 0.14375 0.4609375
0 0.484375 0.58671875 0.1203125 0.371875
0 0.5703125 0.58203125 0.115625 0.3625
0 0.6984375 0.65 0.1453125 0.4703125
0 0.91484375 0.6625 0.13125 0.41875
0 0.61875 0.56953125 0.0953125 0.3
0 0.740625 0.60234375 0.1484375 0.4796875
0 0.784375 0.55703125 0.0671875 0.309375
0 0.896875 0.59453125 0.1265625 0.3921875
0 0.884375 0.56171875 0.1234375 0.3625
0 0.66171875 0.53515625 0.084375 0.2890625
0 0.534375 0.51484375 0.084375 0.325
0 0.56015625 0.49765625 0.0609375 0.2875
0 0.4671875 0.4828125 0.0984375 0.2734375
0 0.4484375 0.46328125 0.0828125 0.26875
0 0.38203125 0.44921875 0.0953125 0.2453125
0 0.353125 0.38125 0.0453125 0.1140625
0 0.30078125 0.35390625 0.0359375 0.05
0 0.27734375 0.5046875 0.06875 0.2578125
0 0.23515625 0.353125 0.0578125 0.0765625
1 0.25703125 0.378125 0.05625 0.1421875
1 0.3328125 0.3859375 0.0546875 0.14375
1 0.40546875 0.40546875 0.0609375 0.1375
1 0.4921875 0.41171875 0.0609375 0.14375
1 0.58125 0.425 0.05625 0.134375
1 0.67421875 0.43828125 0.0671875 0.146875
1 0.78359375 0.453125 0.0703125 0.1484375
1 0.896875 0.47421875 0.0734375 0.14375