0 0.06328125 0.4421875 0.1265625 0.3375
0 0.17265625 0.4703125 0.146875 0.334375
0 0.23984375 0.46953125 0.125 0.303125
0 0.290625 0.49453125 0.1359375 0.3203125
0 0.38203125 0.53203125 0.1359375 0.3265625
0 0.43359375 0.53125 0.109375 0.2859375
0 0.48359375 0.56328125 0.175 0.403125
0 0.5140625 0.55390625 0.1484375 0.3171875
0 0.59375 0.62734375 0.1421875 0.3359375
0 0.64296875 0.58359375 0.121875 0.3265625
0 0.740625 0.66171875 0.1765625 0.4375
0 0.86953125 0.6609375 0.1609375 0.375
0 0.91171875 0.69921875 0.1765625 0.4453125
1 0.22109375 0.39375 0.078125 0.1515625
1 0.3015625 0.409375 0.078125 0.1515625
1 0.38125 0.43828125 0.0875 0.1625
1 0.46171875 0.46171875 0.090625 0.165625
1 0.55390625 0.48671875 0.0921875 0.175
1 0.6546875 0.509375 0.0875 0.1734375
1 0.77421875 0.5375 0.1078125 0.184375
1 0.89375 0.575 0.1140625 0.2078125