0 0.16484375 0.4921875 0.1625 0.3859375
0 0.3046875 0.5171875 0.1671875 0.4078125
0 0.55703125 0.559375 0.184375 0.4296875
0 0.79765625 0.646875 0.16875 0.3921875
0 0.86640625 0.63828125 0.1609375 0.4171875
1 0.08359375 0.36953125 0.1234375 0.2203125
1 0.2125 0.39921875 0.1171875 0.2234375
1 0.33359375 0.43046875 0.1109375 0.2125
1 0.4578125 0.45703125 0.1015625 0.21875
1 0.578125 0.48359375 0.1 0.2015625
1 0.70546875 0.51171875 0.1046875 0.2125
1 0.83125 0.540625 0.10625 0.2125
1 0.95078125 0.5671875 0.0984375 0.2125