1 0.15859375 0.60390625 0.1734375 0.3625
1 0.325 0.5515625 0.11875 0.2984375
1 0.4453125 0.51875 0.10625 0.2515625
1 0.5359375 0.503125 0.084375 0.209375
1 0.60078125 0.4796875 0.0796875 0.1875
1 0.65234375 0.45859375 0.0671875 0.15
1 0.6984375 0.4546875 0.0625 0.1515625
1 0.73515625 0.440625 0.0546875 0.1375
0 0.22109375 0.7140625 0.2484375 0.571875
0 0.415625 0.671875 0.1984375 0.5421875
0 0.60546875 0.58046875 0.14375 0.3796875
0 0.6640625 0.540625 0.1140625 0.3609375
0 0.76796875 0.50546875 0.121875 0.2875
0 0.83125 0.48046875 0.1140625 0.303125