0 0.23671875 0.52734375 0.2546875 0.615625
0 0.43515625 0.53671875 0.1734375 0.5234375
0 0.58359375 0.53984375 0.1625 0.45625
0 0.76875 0.540625 0.1453125 0.41875
0 0.83984375 0.55234375 0.11875 0.3296875
0 0.90625 0.54375 0.1265625 0.3375
0 0.05390625 0.51875 0.1078125 0.66875
1 0.2421875 0.37578125 0.1875 0.425
1 0.05078125 0.30546875 0.1015625 0.3890625
1 0.421875 0.38359375 0.13125 0.290625
1 0.546875 0.41015625 0.10625 0.2578125
1 0.65546875 0.42421875 0.0890625 0.2359375
1 0.73125 0.44140625 0.0875 0.2015625
1 0.7984375 0.4578125 0.084375 0.1859375