0 0.08671875 0.4953125 0.1734375 0.4875
0 0.23828125 0.515625 0.1953125 0.4703125
0 0.38125 0.57109375 0.1625 0.3765625
0 0.503125 0.60390625 0.1421875 0.359375
0 0.7359375 0.653125 0.146875 0.3296875
0 0.87734375 0.68125 0.1203125 0.3078125
1 0.1265625 0.39921875 0.121875 0.2359375
1 0.271875 0.43046875 0.1109375 0.2296875
1 0.40703125 0.44921875 0.1015625 0.19375
1 0.521875 0.4921875 0.1 0.2078125
1 0.6328125 0.521875 0.0921875 0.1984375
1 0.73984375 0.546875 0.0890625 0.1953125
1 0.8375 0.571875 0.084375 0.1921875
1 0.925 0.59140625 0.090625 0.1890625