0 0.10390625 0.6734375 0.2078125 0.465625
1 0.2625 0.53046875 0.109375 0.221875
1 0.11953125 0.56171875 0.1296875 0.228125
1 0.38828125 0.5046875 0.103125 0.2109375
1 0.5015625 0.47578125 0.1015625 0.2015625
1 0.6078125 0.46015625 0.0984375 0.1953125
1 0.7140625 0.4359375 0.0921875 0.1828125
1 0.80625 0.41640625 0.0859375 0.18125
1 0.89375 0.3984375 0.084375 0.178125
0 0.5328125 0.5828125 0.1484375 0.3421875
0 0.7484375 0.52734375 0.1359375 0.3125
0 0.8640625 0.50078125 0.1328125 0.303125
0 0.94453125 0.4515625 0.1109375 0.353125