1 0.10703125 0.625 0.1109375 0.2125
1 0.246875 0.59453125 0.10625 0.209375
1 0.365625 0.55703125 0.1015625 0.2015625
1 0.596875 0.5015625 0.1015625 0.19375
1 0.7015625 0.47578125 0.0953125 0.1859375
1 0.8 0.45078125 0.0890625 0.1828125
1 0.89921875 0.42578125 0.09375 0.1796875
0 0.1140625 0.7140625 0.209375 0.4234375
0 0.24765625 0.72421875 0.1515625 0.3640625
0 0.39921875 0.67109375 0.14375 0.3484375
0 0.51640625 0.61640625 0.153125 0.3765625
0 0.64140625 0.58203125 0.15625 0.3734375
0 0.74453125 0.5453125 0.14375 0.36875
0 0.8609375 0.521875 0.1375 0.3390625
0 0.94765625 0.478125 0.1046875 0.33125
1 0.48515625 0.53359375 0.1 0.2078125