1 0.46796875 0.47578125 0.078125 0.209375
1 0.57265625 0.478125 0.0625 0.2015625
1 0.66171875 0.48515625 0.0546875 0.18125
1 0.7375 0.4890625 0.0515625 0.171875
1 0.8046875 0.49375 0.053125 0.1578125
1 0.86796875 0.4953125 0.0421875 0.1359375
1 0.3484375 0.46640625 0.0859375 0.2296875
1 0.1984375 0.42890625 0.0953125 0.184375
0 0.165625 0.58125 0.140625 0.4703125
0 0.22734375 0.6296875 0.153125 0.5359375
0 0.359375 0.575 0.125 0.403125
0 0.48984375 0.578125 0.0890625 0.3734375
0 0.61171875 0.58046875 0.1203125 0.375
0 0.70390625 0.5796875 0.1125 0.378125
0 0.80390625 0.559375 0.1015625 0.3359375
0 0.84296875 0.55234375 0.0734375 0.3171875