0 0.165625 0.64921875 0.271875 0.571875
0 0.34765625 0.61953125 0.2234375 0.5
0 0.49921875 0.6296875 0.1765625 0.434375
0 0.5625 0.63828125 0.2453125 0.5265625
0 0.5953125 0.52109375 0.1609375 0.3671875
0 0.73203125 0.484375 0.175 0.4203125
0 0.840625 0.45546875 0.1640625 0.403125
1 0.909375 0.36640625 0.0765625 0.1625
1 0.83671875 0.38203125 0.0859375 0.1765625
1 0.75703125 0.403125 0.090625 0.1875
1 0.6671875 0.42265625 0.09375 0.1953125
1 0.5640625 0.44765625 0.1 0.2015625
1 0.4515625 0.4703125 0.109375 0.2109375
1 0.31875 0.50625 0.121875 0.234375
1 0.15546875 0.54609375 0.153125 0.2734375