0 0.12734375 0.6359375 0.1546875 0.35625
0 0.21953125 0.5796875 0.1109375 0.2453125
0 0.25078125 0.58046875 0.1359375 0.3203125
0 0.30078125 0.5640625 0.0953125 0.24375
0 0.3234375 0.58515625 0.125 0.2859375
0 0.37421875 0.553125 0.115625 0.259375
0 0.4328125 0.55625 0.125 0.3125
0 0.46015625 0.54296875 0.09375 0.2609375
0 0.49765625 0.5703125 0.165625 0.365625
0 0.5578125 0.5171875 0.14375 0.3015625
0 0.6453125 0.52421875 0.1640625 0.3671875
0 0.6609375 0.4984375 0.13125 0.3109375
0 0.775 0.471875 0.1578125 0.3515625
1 0.2421875 0.52109375 0.078125 0.153125
1 0.31015625 0.496875 0.075 0.153125
1 0.38515625 0.48125 0.0796875 0.1546875
1 0.46640625 0.465625 0.0875 0.1640625
1 0.553125 0.44609375 0.0875 0.171875
1 0.64921875 0.425 0.0921875 0.178125
1 0.75546875 0.396875 0.0984375 0.1796875
1 0.87109375 0.36875 0.1046875 0.1796875