0 0.13828125 0.6 0.10625 0.28125
0 0.19375 0.6109375 0.15 0.3578125
0 0.3453125 0.58984375 0.1296875 0.3625
0 0.52421875 0.57421875 0.1703125 0.46875
0 0.63203125 0.5578125 0.159375 0.4203125
1 0.1859375 0.528125 0.06875 0.1625
1 0.25390625 0.51640625 0.071875 0.1671875
1 0.33125 0.503125 0.0734375 0.1671875
1 0.41796875 0.49375 0.084375 0.1875
1 0.51484375 0.4796875 0.090625 0.1984375
1 0.63203125 0.46171875 0.103125 0.2171875
1 0.7703125 0.44609375 0.1078125 0.2421875
1 0.92734375 0.4265625 0.13125 0.265625