0 0.0296875 0.58359375 0.059375 0.271875
0 0.11171875 0.59140625 0.0828125 0.2890625
0 0.18046875 0.559375 0.059375 0.284375
0 0.221875 0.59296875 0.059375 0.3203125
0 0.26953125 0.61640625 0.0875 0.3640625
0 0.32734375 0.59765625 0.053125 0.3125
0 0.37265625 0.58046875 0.05 0.28125
0 0.43125 0.6171875 0.053125 0.303125
0 0.4578125 0.59765625 0.05 0.28125
0 0.53125 0.61328125 0.075 0.3484375
0 0.57109375 0.59140625 0.05 0.30625
0 0.69375 0.640625 0.1 0.365625
0 0.653125 0.6171875 0.05 0.321875
0 0.75 0.615625 0.06875 0.36875
0 0.80234375 0.61796875 0.0828125 0.3953125
0 0.86484375 0.653125 0.121875 0.4984375
1 0.7953125 0.52578125 0.05 0.1578125
1 0.67890625 0.5171875 0.0546875 0.175
1 0.57421875 0.51796875 0.0515625 0.16875
1 0.47421875 0.51328125 0.0578125 0.1671875
1 0.38359375 0.51953125 0.0515625 0.1578125
1 0.29609375 0.50390625 0.05625 0.134375
1 0.22109375 0.50703125 0.046875 0.1375
1 0.14140625 0.509375 0.0453125 0.140625