0 0.0453125 0.5828125 0.0890625 0.359375
0 0.2890625 0.5484375 0.06875 0.2703125
0 0.40859375 0.55390625 0.0640625 0.284375
0 0.59375 0.54140625 0.0671875 0.30625
0 0.7640625 0.56875 0.0703125 0.2828125
0 0.8109375 0.55 0.065625 0.2984375
0 0.896875 0.5875 0.1109375 0.3921875
0 0.94453125 0.55625 0.0640625 0.3328125
1 0.20859375 0.47578125 0.0546875 0.153125
1 0.303125 0.47734375 0.053125 0.159375
1 0.39609375 0.48046875 0.053125 0.15625
1 0.49140625 0.48125 0.05 0.1578125
1 0.58359375 0.471875 0.0515625 0.140625
1 0.68125 0.4875 0.0484375 0.153125
1 0.78046875 0.48046875 0.0484375 0.15
1 0.88203125 0.47265625 0.0578125 0.1390625