0 0.06875 0.559375 0.1078125 0.3984375
0 0.221875 0.56640625 0.1234375 0.3890625
0 0.3671875 0.565625 0.090625 0.3671875
0 0.503125 0.56328125 0.090625 0.3546875
0 0.71484375 0.553125 0.0921875 0.3625
0 0.8171875 0.565625 0.09375 0.303125
0 0.9328125 0.55703125 0.084375 0.334375
1 0.0890625 0.43984375 0.0921875 0.2296875
1 0.24140625 0.45703125 0.08125 0.2234375
1 0.37109375 0.453125 0.075 0.1875
1 0.49296875 0.46640625 0.0734375 0.2
1 0.5984375 0.47265625 0.0671875 0.1921875
1 0.7046875 0.478125 0.059375 0.175
1 0.79765625 0.4796875 0.0546875 0.1765625
1 0.88046875 0.48515625 0.053125 0.171875