1 0.096875 0.49140625 0.0828125 0.2015625
1 0.2265625 0.471875 0.0765625 0.196875
1 0.3484375 0.4609375 0.0734375 0.1875
1 0.45859375 0.4453125 0.0671875 0.18125
1 0.56484375 0.428125 0.065625 0.171875
1 0.6703125 0.40859375 0.0671875 0.16875
1 0.7640625 0.40078125 0.0625 0.1625
1 0.8546875 0.38671875 0.0625 0.1578125
0 0.0625 0.58125 0.125 0.4171875
0 0.16953125 0.584375 0.1046875 0.3765625
0 0.475 0.50546875 0.1015625 0.3546875
0 0.69765625 0.46953125 0.0984375 0.3390625
0 0.91171875 0.44921875 0.0921875 0.334375