0 0.071875 0.68203125 0.1359375 0.4171875
0 0.29609375 0.64375 0.11875 0.4
0 0.38515625 0.62265625 0.10625 0.371875
0 0.50078125 0.59140625 0.1015625 0.375
0 0.5484375 0.59296875 0.125 0.4296875
0 0.63671875 0.55 0.1546875 0.415625
0 0.7421875 0.546875 0.115625 0.365625
0 0.8375 0.53515625 0.1046875 0.3359375
0 0.934375 0.515625 0.1125 0.3328125
1 0.08203125 0.55234375 0.1109375 0.2375
1 0.23828125 0.5359375 0.103125 0.225
1 0.37578125 0.5234375 0.0859375 0.215625
1 0.4953125 0.5015625 0.0890625 0.2
1 0.60078125 0.484375 0.0828125 0.2046875
1 0.70625 0.47421875 0.0671875 0.1859375
1 0.796875 0.459375 0.0671875 0.1796875
1 0.878125 0.45 0.065625 0.165625