0 0.20234375 0.5609375 0.1234375 0.425
0 0.43984375 0.6265625 0.065625 0.3640625
0 0.50859375 0.64296875 0.11875 0.4234375
0 0.5640625 0.57734375 0.0828125 0.340625
0 0.47578125 0.61328125 0.053125 0.371875
0 0.70078125 0.57109375 0.0765625 0.375
0 0.796875 0.5703125 0.0734375 0.346875
1 0.2203125 0.484375 0.078125 0.1765625
1 0.35 0.4953125 0.0609375 0.1875
1 0.4640625 0.496875 0.0625 0.178125
1 0.5703125 0.49921875 0.0546875 0.175
1 0.675 0.509375 0.0625 0.1765625
1 0.7625 0.5140625 0.0546875 0.1703125
1 0.85 0.51953125 0.05 0.165625
1 0.9296875 0.52734375 0.046875 0.1546875