0 0.14140625 0.5765625 0.1625 0.5578125
0 0.3265625 0.58515625 0.125 0.4921875
0 0.47265625 0.6265625 0.090625 0.43125
0 0.5328125 0.6484375 0.14375 0.515625
0 0.5890625 0.540625 0.0875 0.3625
0 0.73046875 0.5328125 0.090625 0.4171875
0 0.8421875 0.52734375 0.084375 0.4
1 0.928125 0.4546875 0.04375 0.1578125
1 0.85390625 0.4546875 0.053125 0.171875
1 0.77109375 0.45859375 0.0546875 0.1828125
1 0.6796875 0.459375 0.05625 0.190625
1 0.5734375 0.4625 0.0609375 0.1953125
1 0.45859375 0.4609375 0.06875 0.203125
1 0.32109375 0.46875 0.0765625 0.2265625
1 0.15390625 0.4734375 0.1015625 0.2609375