1 0.17109375 0.47734375 0.0828125 0.18125
1 0.278125 0.49375 0.0796875 0.1921875
1 0.38046875 0.51171875 0.078125 0.1859375
1 0.4828125 0.52421875 0.0828125 0.18125
1 0.59453125 0.5390625 0.078125 0.1921875
1 0.7078125 0.5578125 0.075 0.1953125
1 0.82421875 0.58359375 0.0734375 0.184375
1 0.94296875 0.60390625 0.0734375 0.1859375
0 0.1234375 0.52890625 0.1109375 0.3640625
0 0.259375 0.58046875 0.0953125 0.321875
0 0.2890625 0.60625 0.103125 0.346875
0 0.346875 0.58828125 0.096875 0.321875
0 0.475 0.59296875 0.1140625 0.4046875
0 0.4390625 0.6 0.0953125 0.3375
0 0.58203125 0.60625 0.1140625 0.39375