1 0.0921875 0.43984375 0.1046875 0.2125
1 0.23046875 0.47421875 0.1 0.209375
1 0.3546875 0.4921875 0.0953125 0.2
1 0.58671875 0.54375 0.0953125 0.1921875
1 0.6921875 0.56640625 0.0890625 0.1859375
1 0.79140625 0.5875 0.084375 0.1828125
1 0.89140625 0.6078125 0.0875 0.1796875
0 0.07890625 0.52265625 0.1578125 0.4234375
0 0.175 0.590625 0.1390625 0.365625
0 0.334375 0.609375 0.1328125 0.35
0 0.46328125 0.61171875 0.1421875 0.378125
0 0.590625 0.6359375 0.14375 0.3734375
0 0.7 0.64765625 0.13125 0.3703125
0 0.81484375 0.678125 0.1265625 0.340625
0 0.9296875 0.68671875 0.1328125 0.33125
1 0.471875 0.5234375 0.09375 0.2078125