0 0.18203125 0.4671875 0.1140625 0.340625
0 0.16484375 0.4359375 0.0953125 0.2890625
0 0.29453125 0.46484375 0.1046875 0.2828125
0 0.37578125 0.49765625 0.1296875 0.3640625
0 0.42890625 0.48984375 0.08125 0.2890625
0 0.45625 0.53671875 0.1203125 0.3625
0 0.51171875 0.50234375 0.103125 0.3046875
0 0.5859375 0.50390625 0.115625 0.3171875
0 0.6921875 0.5328125 0.1203125 0.3140625
0 0.765625 0.565625 0.1046875 0.284375
0 0.82109375 0.5515625 0.1140625 0.3203125
0 0.92265625 0.5671875 0.13125 0.3375
1 0.8953125 0.50390625 0.0796875 0.1671875
1 0.79921875 0.48515625 0.078125 0.159375
1 0.7 0.46484375 0.075 0.159375
1 0.60078125 0.44375 0.075 0.1609375
1 0.50859375 0.42734375 0.0796875 0.1578125
1 0.4140625 0.41171875 0.0765625 0.1640625
1 0.31875 0.39609375 0.0765625 0.165625
1 0.22734375 0.378125 0.0828125 0.16875