0 0.09140625 0.48125 0.1828125 0.4875
0 0.2375 0.50625 0.209375 0.4703125
0 0.37890625 0.5671875 0.1734375 0.3765625
0 0.49921875 0.60390625 0.153125 0.359375
0 0.73046875 0.6609375 0.1578125 0.3296875
0 0.87109375 0.69375 0.13125 0.3078125
1 0.13046875 0.3859375 0.1296875 0.2359375
1 0.27421875 0.42265625 0.1171875 0.2296875
1 0.40859375 0.44609375 0.10625 0.1953125
1 0.521875 0.49296875 0.10625 0.2078125
1 0.63203125 0.5265625 0.0984375 0.1984375
1 0.73828125 0.55546875 0.0953125 0.1953125
1 0.83515625 0.58359375 0.090625 0.1921875
1 0.92109375 0.60546875 0.096875 0.1890625