0 0.0625 0.471875 0.125 0.409375
0 0.45546875 0.5265625 0.109375 0.33125
0 0.58125 0.52734375 0.09375 0.3296875
0 0.69140625 0.55390625 0.090625 0.303125
0 0.8109375 0.55390625 0.0921875 0.3234375
0 0.94921875 0.55703125 0.1015625 0.3640625
1 0.234375 0.40078125 0.0859375 0.1984375
1 0.35703125 0.41875 0.0828125 0.2
1 0.47265625 0.42265625 0.0828125 0.1828125
1 0.58515625 0.446875 0.0859375 0.1828125
1 0.6953125 0.459375 0.075 0.1796875
1 0.80234375 0.4703125 0.0734375 0.184375
1 0.89453125 0.48515625 0.0703125 0.1828125
1 0.1046875 0.38515625 0.0953125 0.20625