0 0.11796875 0.553125 0.0921875 0.29375
0 0.20234375 0.5484375 0.10625 0.3203125
0 0.31015625 0.5453125 0.0765625 0.3234375
0 0.49296875 0.5625 0.0921875 0.31875
0 0.61875 0.5609375 0.1015625 0.35625
0 0.759375 0.55703125 0.1234375 0.409375
0 0.88828125 0.5703125 0.1140625 0.3453125
1 0.16171875 0.4796875 0.0578125 0.16875
1 0.24140625 0.475 0.0625 0.16875
1 0.3234375 0.478125 0.06875 0.1734375
1 0.41953125 0.475 0.0578125 0.178125
1 0.51796875 0.47421875 0.0640625 0.1828125
1 0.628125 0.46640625 0.0703125 0.2015625
1 0.75234375 0.4609375 0.075 0.225
1 0.8890625 0.4578125 0.08125 0.2234375