0 0.06171875 0.59609375 0.1234375 0.4578125
0 0.20078125 0.5265625 0.115625 0.3515625
0 0.31484375 0.53203125 0.096875 0.3203125
0 0.42421875 0.5296875 0.109375 0.303125
0 0.89375 0.4828125 0.1078125 0.3078125
1 0.2140625 0.46640625 0.08125 0.175
1 0.3171875 0.45078125 0.0796875 0.1828125
1 0.4234375 0.43984375 0.075 0.178125
1 0.53046875 0.43046875 0.0703125 0.1765625
1 0.634375 0.4171875 0.071875 0.178125
1 0.74921875 0.40546875 0.0703125 0.178125
1 0.8609375 0.390625 0.08125 0.18125
1 0.96484375 0.3796875 0.06875 0.190625