1 0.13984375 0.42109375 0.0921875 0.1796875
1 0.23359375 0.44296875 0.0921875 0.184375
1 0.33046875 0.46484375 0.0984375 0.1953125
1 0.434375 0.48671875 0.0953125 0.19375
1 0.5453125 0.5078125 0.0984375 0.2078125
1 0.6625 0.5296875 0.1046875 0.2109375
1 0.79453125 0.5578125 0.103125 0.2140625
1 0.928125 0.5875 0.1125 0.221875
0 0.07734375 0.49921875 0.15 0.328125
0 0.16484375 0.52734375 0.1375 0.35
0 0.28359375 0.54609375 0.1328125 0.3375
0 0.4125 0.58359375 0.140625 0.4015625
0 0.4828125 0.60703125 0.1703125 0.43125
0 0.53984375 0.60078125 0.121875 0.3421875