1 0.0890625 0.36875 0.178125 0.30625
1 0.26796875 0.4078125 0.14375 0.2546875
1 0.42265625 0.44140625 0.1296875 0.253125
1 0.53359375 0.4640625 0.115625 0.225
1 0.64296875 0.4828125 0.1171875 0.209375
1 0.7359375 0.50234375 0.1 0.19375
1 0.80703125 0.5234375 0.078125 0.1765625
1 0.871875 0.52890625 0.084375 0.1671875
0 0.4125 0.54453125 0.2203125 0.459375
0 0.54296875 0.57890625 0.1625 0.3765625
0 0.65234375 0.578125 0.1484375 0.353125
0 0.74375 0.59375 0.1359375 0.3390625
0 0.83671875 0.60703125 0.1328125 0.315625
0 0.934375 0.62109375 0.13125 0.3234375