1 0.16953125 0.428125 0.134375 0.359375
1 0.3640625 0.4296875 0.0984375 0.3109375
1 0.5140625 0.44140625 0.0828125 0.271875
1 0.628125 0.43125 0.06875 0.2
1 0.7125 0.425 0.0765625 0.184375
1 0.78203125 0.41484375 0.053125 0.1578125
0 0.321875 0.59921875 0.1140625 0.5546875
0 0.4703125 0.58515625 0.1171875 0.490625
0 0.55625 0.5671875 0.071875 0.4515625
0 0.6359375 0.528125 0.0875 0.4125
0 0.72578125 0.54609375 0.0890625 0.5
0 0.78515625 0.5015625 0.0734375 0.4375
0 0.84296875 0.5015625 0.0703125 0.3421875
0 0.89140625 0.4984375 0.071875 0.3078125
1 0.8390625 0.41015625 0.0390625 0.1375