0 0.1671875 0.56015625 0.1484375 0.3203125
0 0.28359375 0.5234375 0.10625 0.2609375
0 0.39921875 0.53203125 0.1390625 0.371875
0 0.48515625 0.52890625 0.128125 0.3375
0 0.50078125 0.49609375 0.1015625 0.30625
0 0.56640625 0.45546875 0.11875 0.2984375
0 0.68125 0.46015625 0.1203125 0.3171875
0 0.75859375 0.4625 0.11875 0.3046875
0 0.80390625 0.42578125 0.1078125 0.2859375
0 0.90390625 0.41484375 0.15 0.334375
1 0.19453125 0.4671875 0.084375 0.1671875
1 0.2875 0.453125 0.084375 0.1703125
1 0.37734375 0.42734375 0.078125 0.146875
1 0.47109375 0.41328125 0.0765625 0.1453125
1 0.56796875 0.4046875 0.084375 0.1625
1 0.66640625 0.38203125 0.075 0.153125
1 0.7671875 0.36640625 0.0765625 0.1453125
1 0.86171875 0.35625 0.084375 0.1609375