0 0.059375 0.4703125 0.11875 0.36875
0 0.28359375 0.49609375 0.1234375 0.2765625
0 0.3984375 0.53046875 0.121875 0.2890625
0 0.58125 0.5625 0.1296875 0.3109375
0 0.7390625 0.63046875 0.1265625 0.2890625
0 0.78984375 0.6234375 0.1265625 0.303125
0 0.8640625 0.68125 0.1890625 0.403125
0 0.91796875 0.6625 0.13125 0.3359375
1 0.2234375 0.40625 0.0859375 0.1609375
1 0.31484375 0.43046875 0.084375 0.165625
1 0.403125 0.45625 0.084375 0.1625
1 0.49609375 0.4796875 0.08125 0.1625
1 0.58828125 0.49296875 0.0796875 0.146875
1 0.67890625 0.53125 0.078125 0.159375
1 0.7765625 0.5484375 0.078125 0.1546875
1 0.87734375 0.56640625 0.084375 0.146875