1 0.19453125 0.40703125 0.1578125 0.3265625
1 0.3828125 0.4203125 0.125 0.2734375
1 0.51484375 0.44453125 0.0984375 0.2421875
1 0.62890625 0.45078125 0.084375 0.2140625
1 0.71484375 0.46484375 0.075 0.1921875
1 0.790625 0.4734375 0.071875 0.190625
1 0.85390625 0.471875 0.06875 0.1578125
1 0.90546875 0.48359375 0.065625 0.1515625
0 0.19140625 0.5625 0.25625 0.671875
0 0.65859375 0.5703125 0.1328125 0.3984375
0 0.8203125 0.57421875 0.1046875 0.309375
0 0.89375 0.5703125 0.0953125 0.2890625
0 0.95234375 0.54609375 0.0953125 0.3203125