0 0.075 0.528125 0.15 0.4625
1 0.26640625 0.44765625 0.0890625 0.21875
1 0.121875 0.428125 0.1078125 0.2234375
1 0.39296875 0.46640625 0.084375 0.209375
1 0.51015625 0.47734375 0.0828125 0.1984375
1 0.61484375 0.49921875 0.0796875 0.1921875
1 0.72265625 0.51328125 0.075 0.18125
1 0.81640625 0.5265625 0.06875 0.1796875
1 0.9046875 0.5390625 0.06875 0.175
0 0.50234375 0.5890625 0.115625 0.340625
0 0.72421875 0.6109375 0.10625 0.3109375
0 0.8421875 0.62578125 0.103125 0.3015625
0 0.94765625 0.6140625 0.1046875 0.353125