0 0.08671875 0.4828125 0.09375 0.3765625
0 0.13828125 0.43984375 0.0703125 0.3203125
0 0.146875 0.4859375 0.08125 0.3
0 0.21484375 0.50078125 0.1265625 0.375
0 0.29296875 0.53203125 0.1015625 0.3671875
0 0.35703125 0.60078125 0.1359375 0.4609375
0 0.4859375 0.58671875 0.1140625 0.3703125
0 0.57109375 0.58046875 0.109375 0.3625
0 0.7015625 0.64609375 0.1375 0.46875
0 0.91796875 0.6546875 0.1234375 0.4171875
0 0.6203125 0.56796875 0.090625 0.2984375
0 0.7421875 0.5984375 0.140625 0.4796875
0 0.7859375 0.55234375 0.0625 0.309375
0 0.8984375 0.5875 0.11875 0.3921875
0 0.8859375 0.5546875 0.11875 0.3625
0 0.6625 0.53203125 0.0796875 0.2890625
0 0.53515625 0.5140625 0.078125 0.325
0 0.56015625 0.496875 0.05625 0.2875
0 0.4671875 0.48359375 0.09375 0.2734375
0 0.44765625 0.4640625 0.078125 0.26875
0 0.38125 0.4515625 0.0921875 0.2453125
0 0.35078125 0.38359375 0.04375 0.1140625
0 0.2984375 0.3578125 0.0359375 0.05
0 0.27734375 0.50859375 0.0640625 0.2578125
0 0.2328125 0.35703125 0.05625 0.0765625
1 0.2546875 0.38203125 0.0546875 0.1421875
1 0.33125 0.3890625 0.053125 0.1421875
1 0.40390625 0.40703125 0.059375 0.1359375
1 0.490625 0.4125 0.0578125 0.14375
1 0.5796875 0.42421875 0.053125 0.134375
1 0.6734375 0.43515625 0.0640625 0.1453125
1 0.7828125 0.44765625 0.0671875 0.146875
1 0.896875 0.4671875 0.0703125 0.14375