0 0.05859375 0.5640625 0.1171875 0.41875
0 0.265625 0.5859375 0.1390625 0.4015625
0 0.35703125 0.5890625 0.125 0.371875
0 0.47734375 0.58828125 0.1203125 0.3765625
0 0.52265625 0.60234375 0.146875 0.43125
0 0.61875 0.58359375 0.175 0.41875
0 0.721875 0.6078125 0.1328125 0.3671875
0 0.8171875 0.62109375 0.121875 0.3375
0 0.915625 0.62734375 0.128125 0.334375
1 0.0828125 0.44296875 0.121875 0.240625
1 0.2375 0.4671875 0.1140625 0.228125
1 0.37421875 0.490625 0.0953125 0.2171875
1 0.4953125 0.5 0.0984375 0.203125
1 0.60078125 0.5109375 0.0921875 0.2078125
1 0.70625 0.52890625 0.0765625 0.1875
1 0.796875 0.5375 0.0765625 0.18125
1 0.878125 0.55 0.0734375 0.1671875