0 0.1625 0.5671875 0.2953125 0.6390625
0 0.36875 0.5921875 0.23125 0.5125
0 0.5921875 0.603125 0.171875 0.4
0 0.67109375 0.59375 0.1546875 0.3578125
0 0.8046875 0.62109375 0.146875 0.303125
0 0.8921875 0.63046875 0.1765625 0.340625
1 0.18203125 0.41328125 0.1890625 0.340625
1 0.35 0.44296875 0.1515625 0.2984375
1 0.48046875 0.4765625 0.121875 0.2359375
1 0.575 0.49375 0.10625 0.221875
1 0.64765625 0.50625 0.0890625 0.1890625
1 0.7109375 0.52109375 0.0734375 0.1578125
1 0.76015625 0.5375 0.0671875 0.1515625
1 0.8109375 0.54765625 0.06875 0.134375