1 0.4640625 0.4828125 0.0921875 0.2109375
1 0.56640625 0.4640625 0.075 0.203125
1 0.6546875 0.45234375 0.0671875 0.1828125
1 0.7296875 0.43984375 0.0625 0.1734375
1 0.796875 0.43046875 0.0640625 0.159375
1 0.85859375 0.41875 0.0515625 0.1375
1 0.34453125 0.49921875 0.1015625 0.2328125
1 0.190625 0.49296875 0.10625 0.1890625
0 0.18984375 0.64921875 0.171875 0.4734375
0 0.26015625 0.68359375 0.1890625 0.540625
0 0.378125 0.60234375 0.1515625 0.40625
0 0.50625 0.57890625 0.115625 0.375
0 0.62578125 0.55546875 0.1453125 0.378125
0 0.71640625 0.5359375 0.1375 0.38125
0 0.809375 0.4953125 0.1234375 0.3375
0 0.846875 0.4796875 0.0953125 0.31875