0 0.184375 0.6296875 0.1078125 0.403125
0 0.2828125 0.7015625 0.153125 0.5015625
0 0.3390625 0.628125 0.10625 0.3609375
0 0.43984375 0.61015625 0.1 0.3890625
0 0.6265625 0.58671875 0.140625 0.471875
0 0.8109375 0.59609375 0.1671875 0.5390625
1 0.25 0.53671875 0.0875 0.196875
1 0.36015625 0.53203125 0.0796875 0.2046875
1 0.48203125 0.5203125 0.08125 0.2265625
1 0.60859375 0.50625 0.0921875 0.2171875
1 0.7484375 0.50234375 0.1015625 0.234375
1 0.903125 0.49375 0.1046875 0.2390625
1 0.14296875 0.54453125 0.08125 0.196875