0 0.190625 0.62890625 0.1625 0.3859375
0 0.32890625 0.5953125 0.1671875 0.4078125
0 0.57578125 0.53125 0.184375 0.4296875
0 0.83203125 0.51328125 0.16875 0.3921875
0 0.89140625 0.47734375 0.1609375 0.4171875
1 0.06640625 0.55 0.1234375 0.2203125
1 0.19609375 0.525 0.1171875 0.2234375
1 0.31953125 0.50390625 0.1109375 0.2125
1 0.44375 0.47734375 0.1015625 0.21875
1 0.56484375 0.453125 0.1 0.2015625
1 0.6921875 0.42734375 0.1046875 0.2125
1 0.81953125 0.40234375 0.10625 0.2125
1 0.93984375 0.37890625 0.1 0.2125