0 0.08671875 0.52734375 0.1328125 0.409375
0 0.475 0.57734375 0.0921875 0.3328125
0 0.6015625 0.5859375 0.10625 0.3421875
0 0.709375 0.603125 0.0984375 0.31875
0 0.82734375 0.60625 0.1 0.3234375
0 0.9640625 0.60703125 0.071875 0.3640625
1 0.140625 0.44453125 0.0859375 0.2046875
1 0.26015625 0.46328125 0.0765625 0.1953125
1 0.37578125 0.47578125 0.0640625 0.1859375
1 0.49453125 0.48125 0.0734375 0.1875
1 0.60546875 0.49375 0.0703125 0.1703125
1 0.7140625 0.5078125 0.0703125 0.171875
1 0.82109375 0.51796875 0.06875 0.1875
1 0.92109375 0.53046875 0.065625 0.1890625