0 0.11484375 0.47265625 0.121875 0.2984375
0 0.1984375 0.48515625 0.1390625 0.3265625
0 0.3046875 0.5046875 0.109375 0.325
0 0.48046875 0.559375 0.1234375 0.3234375
0 0.60390625 0.584375 0.1375 0.3609375
0 0.7421875 0.609375 0.1640625 0.415625
0 0.865625 0.65 0.1484375 0.3515625
1 0.1734375 0.409375 0.0734375 0.171875
1 0.25234375 0.421875 0.0796875 0.1734375
1 0.33203125 0.44140625 0.0859375 0.178125
1 0.4265625 0.459375 0.0765625 0.1828125
1 0.5234375 0.478125 0.0828125 0.1875
1 0.63203125 0.49375 0.090625 0.2046875
1 0.7546875 0.5140625 0.096875 0.2296875
1 0.8890625 0.53984375 0.1046875 0.228125