0 0.07265625 0.4328125 0.1453125 0.4125
0 0.453125 0.52265625 0.1359375 0.334375
0 0.578125 0.534375 0.1203125 0.33125
0 0.6859375 0.5703125 0.115625 0.3046875
0 0.8046875 0.58046875 0.11875 0.325
0 0.93828125 0.59609375 0.1234375 0.3671875
1 0.24453125 0.378125 0.1015625 0.2015625
1 0.36484375 0.40703125 0.1 0.203125
1 0.4796875 0.4203125 0.096875 0.1859375
1 0.5890625 0.4546875 0.1 0.1859375
1 0.69765625 0.4765625 0.090625 0.1828125
1 0.80390625 0.496875 0.0875 0.1859375
1 0.89453125 0.51953125 0.084375 0.1859375
1 0.115625 0.3515625 0.1109375 0.209375