0 0.13359375 0.6875 0.1671875 0.36875
0 0.265625 0.6546875 0.1703125 0.35625
0 0.39140625 0.59453125 0.1828125 0.4
0 0.746875 0.4984375 0.1796875 0.3703125
0 0.83203125 0.47734375 0.1546875 0.3515625
1 0.9140625 0.3734375 0.0953125 0.184375
1 0.8171875 0.403125 0.1 0.1953125
1 0.7171875 0.42734375 0.1046875 0.1890625
1 0.60390625 0.45390625 0.10625 0.2015625
1 0.4953125 0.48203125 0.0984375 0.203125
1 0.37734375 0.503125 0.1046875 0.190625
1 0.25390625 0.5453125 0.1140625 0.2
1 0.12421875 0.5765625 0.13125 0.228125