0 0.14765625 0.55859375 0.090625 0.2609375
0 0.29296875 0.55703125 0.0875 0.271875
0 0.4109375 0.54921875 0.0953125 0.284375
0 0.59765625 0.5203125 0.0953125 0.3171875
0 0.76328125 0.5328125 0.0828125 0.2875
0 0.8125 0.51171875 0.0859375 0.3015625
0 0.9140625 0.51796875 0.1109375 0.3484375
0 0.9203125 0.49453125 0.1078125 0.3203125
1 0.20703125 0.490625 0.0671875 0.1640625
1 0.3015625 0.484375 0.0703125 0.1625
1 0.40234375 0.47421875 0.075 0.1546875
1 0.48671875 0.4703125 0.059375 0.159375
1 0.5859375 0.45859375 0.06875 0.1515625
1 0.6796875 0.45625 0.0640625 0.1625
1 0.78125 0.44375 0.0671875 0.153125
1 0.88828125 0.44140625 0.0796875 0.165625