0 0.1828125 0.5390625 0.0859375 0.3375
0 0.15859375 0.51328125 0.071875 0.2859375
0 0.29140625 0.5125 0.08125 0.2796875
0 0.37890625 0.52578125 0.1 0.3609375
0 0.428125 0.50546875 0.05625 0.2890625
0 0.465625 0.5453125 0.090625 0.359375
0 0.51171875 0.5 0.0765625 0.303125
0 0.584375 0.484375 0.0890625 0.315625
0 0.6953125 0.4890625 0.0953125 0.309375
0 0.7734375 0.5046875 0.08125 0.2828125
0 0.82421875 0.478125 0.0875 0.3171875
0 0.92734375 0.4703125 0.1046875 0.334375
1 0.88671875 0.41484375 0.0671875 0.1640625
1 0.78828125 0.41796875 0.065625 0.15625
1 0.68671875 0.4203125 0.0609375 0.1578125
1 0.58515625 0.42265625 0.0625 0.1578125
1 0.49140625 0.42734375 0.0671875 0.1546875
1 0.396875 0.43359375 0.0640625 0.1609375
1 0.3 0.43984375 0.0640625 0.1625
1 0.20703125 0.44296875 0.0703125 0.165625