0 0.22890625 0.69609375 0.2640625 0.6078125
0 0.425 0.6421875 0.20625 0.5140625
0 0.62890625 0.55 0.153125 0.4015625
0 0.6953125 0.50546875 0.1375 0.359375
0 0.8265625 0.46953125 0.1328125 0.303125
0 0.90859375 0.43828125 0.1609375 0.340625
1 0.17734375 0.5671875 0.1734375 0.3390625
1 0.340625 0.5171875 0.1375 0.2984375
1 0.471875 0.4875 0.1109375 0.234375
1 0.5640625 0.46015625 0.0953125 0.221875
1 0.634375 0.43828125 0.0796875 0.190625
1 0.69765625 0.42265625 0.0671875 0.159375
1 0.7484375 0.41484375 0.0609375 0.1515625
1 0.7984375 0.4015625 0.0625 0.134375