0 0.14453125 0.47109375 0.0984375 0.2625
0 0.28515625 0.50546875 0.0953125 0.271875
0 0.4015625 0.5265625 0.1046875 0.284375
0 0.58984375 0.54375 0.1046875 0.3171875
0 0.74765625 0.5953125 0.0921875 0.2875
0 0.8 0.5875 0.0953125 0.3015625
0 0.89765625 0.6171875 0.121875 0.35
0 0.909375 0.59609375 0.11875 0.321875
1 0.21796875 0.4203125 0.0734375 0.165625
1 0.3109375 0.4375 0.075 0.1640625
1 0.41171875 0.4515625 0.0796875 0.15625
1 0.49453125 0.46796875 0.065625 0.159375
1 0.59375 0.48046875 0.0734375 0.1515625
1 0.68515625 0.50078125 0.0703125 0.1625
1 0.78671875 0.51328125 0.071875 0.1546875
1 0.890625 0.53671875 0.084375 0.1671875