0 0.07734375 0.60390625 0.1078125 0.3984375
0 0.23046875 0.5953125 0.1234375 0.3890625
0 0.375 0.5796875 0.090625 0.3671875
0 0.509375 0.5625 0.090625 0.3546875
0 0.71875 0.53046875 0.0921875 0.3625
0 0.82265625 0.53203125 0.09375 0.303125
0 0.93671875 0.51171875 0.084375 0.334375
1 0.08515625 0.48359375 0.0921875 0.2296875
1 0.23828125 0.48359375 0.08125 0.2234375
1 0.3671875 0.4671875 0.075 0.1875
1 0.48984375 0.46796875 0.0734375 0.2
1 0.5953125 0.4625 0.0671875 0.1921875
1 0.70078125 0.45625 0.059375 0.175
1 0.79375 0.4484375 0.0546875 0.1765625
1 0.8765625 0.44609375 0.053125 0.171875