0 0.096875 0.484375 0.1296875 0.3359375
0 0.128125 0.51171875 0.190625 0.3703125
0 0.2453125 0.515625 0.1359375 0.30625
0 0.53203125 0.6078125 0.1421875 0.3609375
0 0.42734375 0.56328125 0.1390625 0.3765625
0 0.39296875 0.55078125 0.1125 0.3015625
0 0.459375 0.5609375 0.11875 0.3234375
0 0.5640625 0.55625 0.1359375 0.3265625
0 0.66171875 0.59140625 0.1296875 0.31875
0 0.73046875 0.6203125 0.1265625 0.3078125
0 0.7734375 0.61171875 0.1125 0.2890625
0 0.8609375 0.6171875 0.1296875 0.3046875
1 0.16171875 0.41640625 0.09375 0.1890625
1 0.271875 0.440625 0.090625 0.1796875
1 0.37734375 0.4625 0.0796875 0.1734375
1 0.565625 0.49765625 0.0875 0.165625
1 0.66328125 0.52109375 0.078125 0.1671875
1 0.753125 0.5359375 0.0796875 0.159375
1 0.83984375 0.55703125 0.0765625 0.1578125