0 0.88125 0.671875 0.1328125 0.365625
0 0.75546875 0.665625 0.1171875 0.3390625
0 0.64140625 0.63125 0.1390625 0.4328125
0 0.51796875 0.60234375 0.1515625 0.4453125
0 0.38515625 0.603125 0.1421875 0.4203125
0 0.246875 0.5984375 0.15625 0.425
0 0.1578125 0.5921875 0.15 0.459375
0 0.053125 0.5734375 0.10625 0.440625
1 0.11640625 0.4609375 0.1109375 0.25
1 0.2625 0.4765625 0.1109375 0.228125
1 0.396875 0.4890625 0.1 0.196875
1 0.5203125 0.5125 0.0875 0.175
1 0.640625 0.53984375 0.09375 0.19375
1 0.7546875 0.55703125 0.0921875 0.1984375
1 0.8671875 0.57265625 0.0921875 0.20625
1 0.96328125 0.59296875 0.0734375 0.1953125