1 0.24140625 0.5328125 0.0703125 0.1828125
1 0.34375 0.525 0.075 0.1890625
1 0.45390625 0.52109375 0.071875 0.1875
1 0.5609375 0.49765625 0.075 0.15625
1 0.67734375 0.50703125 0.0734375 0.190625
1 0.790625 0.5 0.078125 0.1921875
1 0.90703125 0.48828125 0.0828125 0.1953125
1 0.134375 0.540625 0.0828125 0.18125
0 0.0953125 0.63515625 0.109375 0.3109375
0 0.17265625 0.65234375 0.1171875 0.3703125
0 0.3203125 0.6203125 0.1078125 0.3265625
0 0.56484375 0.60234375 0.128125 0.34375
0 0.89375 0.5921875 0.1453125 0.409375