0 0.16796875 0.43671875 0.14375 0.3203125
0 0.2890625 0.44453125 0.103125 0.2609375
0 0.39375 0.49375 0.1328125 0.371875
0 0.47578125 0.521875 0.121875 0.3375
0 0.50234375 0.49609375 0.0953125 0.30625
0 0.578125 0.48203125 0.1140625 0.2984375
0 0.6828125 0.52734375 0.1140625 0.3171875
0 0.7546875 0.5578125 0.1125 0.3046875
0 0.81015625 0.53984375 0.1046875 0.2859375
0 0.90703125 0.565625 0.1453125 0.334375
1 0.2265625 0.359375 0.08125 0.1671875
1 0.31796875 0.3796875 0.08125 0.1703125
1 0.41171875 0.38828125 0.075 0.1453125
1 0.50390625 0.40859375 0.075 0.14375
1 0.59765625 0.43515625 0.0828125 0.1625
1 0.69765625 0.44921875 0.0734375 0.153125
1 0.796875 0.4703125 0.075 0.14375
1 0.88984375 0.4953125 0.08125 0.1609375