0 0.0609375 0.64921875 0.121875 0.3515625
0 0.07421875 0.6234375 0.1171875 0.34375
0 0.159375 0.61484375 0.128125 0.3234375
0 0.26015625 0.596875 0.128125 0.334375
0 0.3703125 0.58359375 0.1203125 0.3125
0 0.659375 0.54296875 0.1171875 0.2890625
1 0.13828125 0.53671875 0.0828125 0.178125
1 0.2484375 0.51875 0.084375 0.171875
1 0.3484375 0.50390625 0.08125 0.1625
1 0.44765625 0.49765625 0.0734375 0.16875
1 0.5453125 0.48125 0.071875 0.1640625
1 0.6375 0.46953125 0.0734375 0.165625
1 0.72734375 0.45625 0.06875 0.1625
1 0.8171875 0.4453125 0.0671875 0.1546875
0 0.859375 0.5125 0.1046875 0.3125
0 0.92578125 0.50078125 0.1359375 0.3640625