1 0.12578125 0.51953125 0.1171875 0.3171875
1 0.3140625 0.48125 0.0828125 0.2078125
1 0.45234375 0.50234375 0.0796875 0.246875
1 0.559375 0.4890625 0.0625 0.2125
1 0.64765625 0.484375 0.05625 0.1953125
1 0.72421875 0.4734375 0.0484375 0.1734375
1 0.79375 0.471875 0.0375 0.153125
1 0.84140625 0.46953125 0.0296875 0.1453125
0 0.33359375 0.646875 0.1671875 0.5515625
0 0.49296875 0.6671875 0.1078125 0.515625
0 0.52421875 0.6 0.071875 0.425
0 0.62109375 0.62578125 0.10625 0.4390625
0 0.74140625 0.559375 0.096875 0.3609375
0 0.80078125 0.54375 0.0671875 0.38125