1 0.1859375 0.43984375 0.1265625 0.31875
1 0.37578125 0.43359375 0.0984375 0.26875
1 0.50859375 0.44375 0.0734375 0.2390625
1 0.6234375 0.4375 0.0640625 0.2109375
1 0.71015625 0.44296875 0.05625 0.1890625
1 0.7859375 0.44296875 0.053125 0.1890625
1 0.84921875 0.43515625 0.053125 0.1546875
1 0.9015625 0.44140625 0.0515625 0.15
0 0.2 0.59375 0.1890625 0.6640625
0 0.66484375 0.553125 0.0921875 0.396875
0 0.82578125 0.53984375 0.075 0.3078125
0 0.89921875 0.52890625 0.065625 0.2890625
0 0.96171875 0.49765625 0.0765625 0.3171875