1 0.153125 0.3859375 0.103125 0.1875
1 0.2515625 0.41796875 0.1046875 0.1890625
1 0.35546875 0.44765625 0.0984375 0.1859375
1 0.45859375 0.47734375 0.096875 0.1890625
1 0.565625 0.5046875 0.1015625 0.1984375
1 0.68203125 0.5359375 0.1078125 0.1953125
1 0.803125 0.57265625 0.1109375 0.196875
1 0.93046875 0.60703125 0.1171875 0.215625
0 0.10390625 0.4703125 0.1328125 0.3109375
0 0.19765625 0.50234375 0.1515625 0.3109375
0 0.30859375 0.50859375 0.16875 0.36875
0 0.66796875 0.60625 0.1921875 0.425
0 0.77578125 0.6484375 0.1671875 0.3875