0 0.91796875 0.52421875 0.1390625 0.365625
0 0.79765625 0.56328125 0.1234375 0.3390625
0 0.67890625 0.571875 0.146875 0.4328125
0 0.553125 0.5890625 0.159375 0.4453125
0 0.4296875 0.6375 0.15 0.4203125
0 0.29921875 0.68203125 0.1640625 0.425
0 0.21328125 0.70859375 0.1578125 0.459375
0 0.084375 0.7390625 0.1671875 0.440625
1 0.128125 0.60078125 0.115625 0.25
1 0.26953125 0.56328125 0.1140625 0.228125
1 0.4 0.5265625 0.103125 0.196875
1 0.5234375 0.50390625 0.0890625 0.1765625
1 0.6453125 0.48671875 0.096875 0.19375
1 0.75859375 0.46171875 0.0953125 0.1984375
1 0.86875 0.4359375 0.0953125 0.20625
1 0.9640625 0.41796875 0.071875 0.1953125