1 0.12421875 0.35390625 0.1078125 0.20625
1 0.253125 0.38046875 0.1015625 0.2
1 0.37109375 0.41171875 0.096875 0.190625
1 0.4796875 0.434375 0.090625 0.184375
1 0.58515625 0.4546875 0.0875 0.175
1 0.69140625 0.471875 0.0875 0.171875
1 0.78203125 0.496875 0.0828125 0.165625
1 0.87265625 0.51484375 0.0828125 0.1609375
0 0.075 0.4265625 0.15 0.41875
0 0.1609375 0.46640625 0.153125 0.3765625
0 0.47421875 0.496875 0.1484375 0.3546875
0 0.69609375 0.5390625 0.1421875 0.3390625
0 0.9046875 0.59296875 0.1359375 0.334375