1 0.08828125 0.52578125 0.06328125 0.20390625
1 0.23125 0.53046875 0.06015625 0.20078125
1 0.35625 0.52265625 0.05625 0.19296875
1 0.59375 0.525 0.05859375 0.184375
1 0.7015625 0.525 0.053125 0.17890625
1 0.803125 0.525 0.0484375 0.1765625
1 0.90546875 0.52421875 0.053125 0.17265625
0 0.0734375 0.6140625 0.11484375 0.4078125
0 0.20078125 0.65625 0.06640625 0.359375
0 0.3609375 0.64140625 0.0625 0.34375
0 0.4875 0.6171875 0.065625 0.371875
0 0.6171875 0.6140625 0.06875 0.3671875
0 0.7265625 0.603125 0.05625 0.36640625
0 0.8453125 0.60859375 0.05859375 0.33515625
0 0.959375 0.59296875 0.0671875 0.32421875
1 0.47734375 0.52890625 0.05234375 0.2015625