1 0.14609375 0.45625 0.184375 0.3625
1 0.31953125 0.47578125 0.128125 0.2984375
1 0.44296875 0.49453125 0.1140625 0.2515625
1 0.53125 0.51796875 0.0921875 0.209375
1 0.60078125 0.52265625 0.0859375 0.1890625
1 0.65625 0.52421875 0.071875 0.15
1 0.69921875 0.5390625 0.0671875 0.153125
1 0.7390625 0.54140625 0.059375 0.1375
0 0.14453125 0.6109375 0.26875 0.6359375
0 0.353125 0.62265625 0.2171875 0.5421875
0 0.5640625 0.61640625 0.15625 0.3796875
0 0.63359375 0.60390625 0.125 0.359375
0 0.7421875 0.6140625 0.13125 0.2890625
0 0.8109375 0.61640625 0.1234375 0.3015625