1 0.16171875 0.4921875 0.1890625 0.375
1 0.353125 0.45703125 0.1453125 0.3203125
1 0.503125 0.43984375 0.1234375 0.2796875
1 0.6125 0.4078125 0.1 0.2078125
1 0.69375 0.3859375 0.103125 0.1921875
1 0.7609375 0.3625 0.0765625 0.1625
0 0.34375 0.63125 0.1984375 0.5625
0 0.4875 0.58984375 0.1921875 0.5
0 0.56796875 0.55546875 0.140625 0.4546875
0 0.6390625 0.5015625 0.15 0.41875
0 0.73046875 0.50234375 0.165625 0.5046875
0 0.78046875 0.44765625 0.140625 0.440625
0 0.83671875 0.4359375 0.121875 0.346875
0 0.88359375 0.4234375 0.11875 0.3140625
1 0.815625 0.346875 0.059375 0.1421875