0 0.1140625 0.61640625 0.1015625 0.3359375
0 0.15234375 0.63203125 0.1609375 0.365625
0 0.2640625 0.59765625 0.1109375 0.3046875
0 0.565625 0.59140625 0.1125 0.3609375
0 0.45234375 0.58359375 0.1078125 0.3765625
0 0.41484375 0.5828125 0.0875 0.3015625
0 0.48125 0.57109375 0.0921875 0.3234375
0 0.57890625 0.53203125 0.1109375 0.325
0 0.6828125 0.53359375 0.1046875 0.3171875
0 0.75625 0.53828125 0.1015625 0.30625
0 0.79453125 0.51640625 0.0890625 0.2875
0 0.8796875 0.49375 0.1046875 0.303125
1 0.15234375 0.53046875 0.0796875 0.1859375
1 0.26484375 0.51796875 0.0765625 0.178125
1 0.37265625 0.5046875 0.065625 0.171875
1 0.56171875 0.4765625 0.075 0.1640625
1 0.6609375 0.4671875 0.0640625 0.165625
1 0.7515625 0.4515625 0.0671875 0.1578125
1 0.83984375 0.44296875 0.0640625 0.15625