1 0.12734375 0.5453125 0.1390625 0.3234375
1 0.31328125 0.49453125 0.096875 0.2125
1 0.45234375 0.50546875 0.096875 0.25
1 0.5578125 0.48515625 0.0765625 0.2140625
1 0.646875 0.47421875 0.0703125 0.1984375
1 0.721875 0.4578125 0.059375 0.1765625
1 0.79140625 0.4515625 0.0484375 0.1546875
1 0.83828125 0.4453125 0.0390625 0.146875
0 0.34453125 0.6578125 0.2046875 0.559375
0 0.5046875 0.66796875 0.14375 0.5203125
0 0.53125 0.59765625 0.1015625 0.4265625
0 0.6296875 0.6171875 0.1359375 0.44375
0 0.74453125 0.54296875 0.121875 0.365625
0 0.803125 0.52265625 0.09375 0.3828125