1 0.14765625 0.4046875 0.09375 0.1859375
1 0.24765625 0.43125 0.096875 0.1875
1 0.35234375 0.45546875 0.090625 0.1859375
1 0.4578125 0.4796875 0.0890625 0.1875
1 0.565625 0.50078125 0.09375 0.196875
1 0.68359375 0.52578125 0.0984375 0.19375
1 0.80625 0.55625 0.1015625 0.1953125
1 0.9359375 0.584375 0.1078125 0.2140625
0 0.103125 0.49140625 0.1171875 0.3109375
0 0.19765625 0.51875 0.1375 0.309375
0 0.309375 0.51875 0.1515625 0.36875
0 0.6734375 0.59765625 0.171875 0.425
0 0.78359375 0.63359375 0.15 0.3890625