1 0.24609375 0.625 0.0640625 0.14375
1 0.3171875 0.6125 0.065625 0.14375
1 0.3921875 0.60390625 0.0640625 0.1546875
1 0.4734375 0.59140625 0.0640625 0.1515625
1 0.5640625 0.57890625 0.06875 0.165625
1 0.66015625 0.5671875 0.0765625 0.1671875
1 0.77109375 0.54375 0.078125 0.1671875
1 0.88828125 0.521875 0.084375 0.1671875
0 0.13359375 0.709375 0.10625 0.2984375
0 0.20859375 0.59609375 0.0640625 0.121875
0 0.26640625 0.78125 0.1546875 0.4359375
0 0.2953125 0.675 0.0828125 0.25625
0 0.37578125 0.659375 0.0890625 0.26875
0 0.4546875 0.6546875 0.1109375 0.290625
0 0.90390625 0.6125 0.1375 0.384375
0 0.77265625 0.64375 0.121875 0.35
0 0.6671875 0.63828125 0.1140625 0.328125
0 0.56484375 0.64453125 0.1203125 0.328125
0 0.515625 0.678125 0.125 0.3796875
0 0.45390625 0.64921875 0.1046875 0.30625
0 0.3515625 0.70234375 0.1265625 0.3671875