0 0.1734375 0.55390625 0.2015625 0.6484375
0 0.3921875 0.5203125 0.1671875 0.5625
0 0.64921875 0.53046875 0.1078125 0.396875
0 0.73828125 0.52421875 0.096875 0.35
0 0.87421875 0.51875 0.08125 0.29375
1 0.16953125 0.37890625 0.1390625 0.359375
1 0.36171875 0.38984375 0.109375 0.2875
1 0.4984375 0.40703125 0.0859375 0.24375
1 0.6015625 0.4171875 0.078125 0.215625
1 0.69453125 0.4203125 0.059375 0.19375
1 0.76640625 0.428125 0.0671875 0.175
1 0.82421875 0.43046875 0.0578125 0.1671875
1 0.88125 0.42265625 0.0484375 0.1359375