1 0.2171875 0.5109375 0.06875 0.14375
1 0.2875 0.52890625 0.0703125 0.14375
1 0.359375 0.55078125 0.06875 0.1546875
1 0.43828125 0.57265625 0.06875 0.1515625
1 0.5265625 0.5984375 0.075 0.165625
1 0.61875 0.6265625 0.0828125 0.16875
1 0.7296875 0.65 0.084375 0.1671875
1 0.84609375 0.678125 0.0890625 0.16875
0 0.0796875 0.5421875 0.1171875 0.2984375
0 0.19453125 0.46953125 0.06875 0.1234375
0 0.17265625 0.66171875 0.1703125 0.434375
0 0.24140625 0.5765625 0.090625 0.25625
0 0.321875 0.5953125 0.0984375 0.2671875
0 0.3953125 0.62265625 0.1203125 0.290625
0 0.8234375 0.7671875 0.15 0.384375
0 0.69140625 0.7421875 0.134375 0.3484375
0 0.59609375 0.69453125 0.125 0.328125
0 0.50078125 0.6578125 0.13125 0.3265625
0 0.44140625 0.66953125 0.1375 0.3796875
0 0.39765625 0.6171875 0.1140625 0.30625
0 0.28203125 0.62421875 0.1390625 0.365625