0 0.1796875 0.52109375 0.109375 0.41640625
0 0.4796875 0.5171875 0.06484375 0.35234375
0 0.72421875 0.4953125 0.078125 0.3640625
0 0.82734375 0.50859375 0.05390625 0.31171875
1 0.0640625 0.4296875 0.0734375 0.21875
1 0.215625 0.42578125 0.0609375 0.2015625
1 0.34921875 0.428125 0.06171875 0.20546875
1 0.46953125 0.43046875 0.0546875 0.1875
1 0.584375 0.42890625 0.0546875 0.178125
1 0.7 0.40859375 0.04609375 0.16328125
1 0.79765625 0.41796875 0.053125 0.165625
1 0.8953125 0.4171875 0.046875 0.16875