1 0.2265625 0.57421875 0.03828125 0.1390625
1 0.29921875 0.57578125 0.03984375 0.1390625
1 0.37421875 0.58125 0.03671875 0.15
1 0.45625 0.584375 0.03671875 0.146875
1 0.54765625 0.58984375 0.0390625 0.1609375
1 0.64453125 0.596875 0.046875 0.16171875
1 0.7578125 0.59453125 0.04921875 0.16015625
1 0.87734375 0.5953125 0.0546875 0.16015625
0 0.1 0.6359375 0.0515625 0.29453125
0 0.1953125 0.5390625 0.04296875 0.11640625
0 0.2171875 0.73125 0.075 0.42890625
0 0.265625 0.6328125 0.034375 0.2546875
0 0.34765625 0.6328125 0.0390625 0.265625
0 0.42578125 0.64296875 0.05703125 0.284375
0 0.875 0.6875 0.06640625 0.37890625
0 0.740625 0.69296875 0.0578125 0.34453125
0 0.6375 0.66796875 0.05390625 0.32421875
0 0.5359375 0.65390625 0.06015625 0.321875
0 0.48125 0.678125 0.05390625 0.3765625
0 0.4265625 0.6375 0.04765625 0.303125
0 0.315625 0.6703125 0.05859375 0.3625