0 0.7578125 0.709375 0.1875 0.58125
0 0.73515625 0.5671875 0.078125 0.2375
0 0.6921875 0.56640625 0.103125 0.303125
0 0.63046875 0.565625 0.1140625 0.34375
0 0.575 0.5734375 0.1140625 0.3640625
0 0.4890625 0.6484375 0.228125 0.703125
0 0.2203125 0.58359375 0.2125 0.596875
0 0.31015625 0.6515625 0.24375 0.6421875
1 0.178125 0.4546875 0.1109375 0.28125
1 0.4453125 0.4828125 0.084375 0.209375
1 0.58671875 0.49453125 0.0765625 0.184375
1 0.640625 0.50078125 0.075 0.1671875
1 0.70078125 0.50390625 0.0671875 0.140625
1 0.334375 0.47578125 0.1203125 0.2765625