1 0.11875 0.38046875 0.08125 0.2125
1 0.253125 0.3890625 0.0765625 0.20625
1 0.38125 0.39609375 0.071875 0.1875
1 0.4953125 0.4015625 0.0671875 0.1890625
1 0.60078125 0.4046875 0.0625 0.175
1 0.7046875 0.4109375 0.053125 0.1640625
1 0.7984375 0.41171875 0.0578125 0.1640625
0 0.09140625 0.484375 0.09375 0.3828125
0 0.68046875 0.4875 0.078125 0.3265625
0 0.91640625 0.490625 0.0625 0.303125
0 0.87109375 0.496875 0.1078125 0.4296875
0 0.21484375 0.478125 0.115625 0.440625
0 0.25390625 0.47578125 0.09375 0.3796875