0 0.22109375 0.4625 0.0828125 0.2421875
0 0.3125 0.4734375 0.09375 0.2625
0 0.4765625 0.51484375 0.084375 0.2390625
0 0.5765625 0.51328125 0.090625 0.259375
0 0.73359375 0.5453125 0.084375 0.2453125
0 0.82890625 0.56015625 0.0828125 0.2515625
1 0.25625 0.40625 0.059375 0.14375
1 0.3375 0.42421875 0.059375 0.140625
1 0.415625 0.43828125 0.0578125 0.1359375
1 0.49765625 0.45234375 0.0546875 0.1359375
1 0.578125 0.4609375 0.0625 0.140625
1 0.65703125 0.47578125 0.0546875 0.128125
1 0.8171875 0.50390625 0.0609375 0.1328125