0 0.8171875 0.62734375 0.1578125 0.6109375
0 0.74453125 0.48671875 0.0671875 0.2375
0 0.703125 0.5 0.0875 0.303125
0 0.64453125 0.51953125 0.096875 0.3453125
0 0.59453125 0.5453125 0.0953125 0.3640625
0 0.5390625 0.64609375 0.19375 0.70625
0 0.2625 0.66953125 0.1828125 0.596875
0 0.3703125 0.6921875 0.2125 0.615625
1 0.18125 0.5625 0.096875 0.2796875
1 0.44296875 0.5015625 0.0734375 0.2078125
1 0.58046875 0.46640625 0.0671875 0.1828125
1 0.63359375 0.45546875 0.0671875 0.1671875
1 0.690625 0.43828125 0.0609375 0.1390625
1 0.33515625 0.53125 0.1078125 0.275