1 0.759375 0.571875 0.05 0.1390625
1 0.6890625 0.5609375 0.04375 0.14375
1 0.6171875 0.553125 0.0484375 0.153125
1 0.53203125 0.5421875 0.0578125 0.159375
1 0.44453125 0.534375 0.0625 0.1625
1 0.3421875 0.51953125 0.06875 0.1734375
1 0.23203125 0.50078125 0.0703125 0.175
1 0.1 0.49453125 0.0640625 0.2
0 0.05546875 0.5828125 0.109375 0.384375
0 0.5625 0.61640625 0.090625 0.3171875
0 0.7140625 0.625 0.06875 0.2765625
0 0.7828125 0.63359375 0.065625 0.2609375
0 0.21328125 0.590625 0.1 0.3734375
0 0.4484375 0.61796875 0.0828125 0.3078125