0 0.0734375 0.54609375 0.10625 0.43125
0 0.24453125 0.53203125 0.1078125 0.4140625
0 0.5109375 0.5421875 0.0953125 0.3421875
0 0.809375 0.52734375 0.0703125 0.3140625
0 0.91796875 0.52421875 0.090625 0.30625
1 0.865625 0.45703125 0.0484375 0.165625
1 0.78125 0.4546875 0.0515625 0.1578125
1 0.6953125 0.45234375 0.0546875 0.178125
1 0.59765625 0.44765625 0.0609375 0.1765625
1 0.49765625 0.4453125 0.0640625 0.19375
1 0.3828125 0.44140625 0.06875 0.2
1 0.24921875 0.434375 0.0828125 0.215625
1 0.0953125 0.42421875 0.090625 0.215625