1 0.7640625 0.55390625 0.040625 0.1375
1 0.69296875 0.54765625 0.034375 0.1421875
1 0.6203125 0.5453125 0.0375 0.15
1 0.53515625 0.53984375 0.046875 0.15625
1 0.446875 0.53828125 0.0515625 0.1609375
1 0.34375 0.53125 0.05625 0.1703125
1 0.2328125 0.51953125 0.059375 0.171875
1 0.1 0.52265625 0.05 0.1984375
0 0.06171875 0.61328125 0.084375 0.38125
0 0.57109375 0.61171875 0.06875 0.3140625
0 0.72265625 0.61015625 0.05 0.2734375
0 0.7921875 0.6140625 0.0484375 0.259375
0 0.2203125 0.6109375 0.075 0.3703125
0 0.45625 0.62109375 0.0625 0.30625