0 0.21875 0.5015625 0.05 0.2375
0 0.3109375 0.5 0.059375 0.25625
0 0.47890625 0.51796875 0.0515625 0.234375
0 0.57734375 0.50234375 0.05625 0.253125
0 0.7375 0.5125 0.05 0.240625
0 0.834375 0.5140625 0.0484375 0.246875
1 0.2453125 0.44140625 0.040625 0.1390625
1 0.32890625 0.44765625 0.040625 0.1359375
1 0.4078125 0.45078125 0.040625 0.13125
1 0.49140625 0.453125 0.0375 0.13125
1 0.571875 0.45078125 0.04375 0.1359375
1 0.65234375 0.45390625 0.0375 0.1234375
1 0.81484375 0.459375 0.04375 0.128125