1 0.12265625 0.3671875 0.0890625 0.2140625
1 0.25703125 0.38046875 0.0828125 0.2078125
1 0.38515625 0.3921875 0.078125 0.1890625
1 0.4984375 0.4015625 0.0734375 0.190625
1 0.60390625 0.4078125 0.0671875 0.1765625
1 0.70703125 0.41796875 0.0578125 0.1640625
1 0.80078125 0.42265625 0.0640625 0.165625
0 0.0921875 0.4703125 0.1078125 0.384375
0 0.68046875 0.49375 0.0890625 0.328125
0 0.91640625 0.50546875 0.0734375 0.3046875
0 0.87109375 0.51015625 0.1234375 0.43125
0 0.215625 0.46875 0.1296875 0.4421875
0 0.25546875 0.4671875 0.10625 0.38125