0 0.075 0.5609375 0.090625 0.42890625
0 0.24609375 0.540625 0.09296875 0.41171875
0 0.5125 0.54140625 0.0828125 0.3390625
0 0.81015625 0.51640625 0.06015625 0.31171875
0 0.91875 0.509375 0.0796875 0.30390625
1 0.8640625 0.44453125 0.0421875 0.1640625
1 0.7796875 0.44453125 0.04609375 0.15703125
1 0.69375 0.4453125 0.0484375 0.17578125
1 0.59609375 0.44453125 0.0546875 0.175
1 0.49609375 0.4453125 0.05703125 0.19140625
1 0.38046875 0.4453125 0.06171875 0.1984375
1 0.246875 0.44296875 0.075 0.2125
1 0.09296875 0.43828125 0.08359375 0.21328125