1 0.0671875 0.4765625 0.0765625 0.2140625
1 0.2171875 0.48515625 0.06875 0.1984375
1 0.34375 0.4859375 0.065625 0.1953125
1 0.4609375 0.4921875 0.0609375 0.18125
1 0.56640625 0.49765625 0.05 0.1796875
1 0.67734375 0.50234375 0.05625 0.175
1 0.77578125 0.5046875 0.046875 0.165625
1 0.87109375 0.51015625 0.05625 0.1640625
0 0.18046875 0.58671875 0.0921875 0.365625
0 0.30859375 0.59140625 0.090625 0.3515625
0 0.41953125 0.59375 0.075 0.3265625
0 0.4953125 0.6 0.08125 0.34375
0 0.59296875 0.5734375 0.0734375 0.36875
0 0.72578125 0.565625 0.0734375 0.35625
0 0.8109375 0.58515625 0.06875 0.33125
0 0.934375 0.5671875 0.084375 0.353125