1 0.06640625 0.49921875 0.065625 0.21015625
1 0.2171875 0.5 0.05859375 0.19609375
1 0.34296875 0.49453125 0.05625 0.19296875
1 0.4609375 0.49453125 0.0515625 0.17890625
1 0.56640625 0.49453125 0.04140625 0.178125
1 0.67734375 0.49296875 0.04765625 0.17265625
1 0.77578125 0.490625 0.0390625 0.16328125
1 0.87109375 0.490625 0.04765625 0.16171875
0 0.18515625 0.603125 0.0734375 0.36171875
0 0.31328125 0.6015625 0.071875 0.3484375
0 0.42421875 0.59765625 0.0578125 0.32421875
0 0.50078125 0.6 0.06328125 0.340625
0 0.596875 0.56875 0.0546875 0.365625
0 0.72890625 0.55390625 0.0546875 0.35390625
0 0.81484375 0.56875 0.05234375 0.3296875
0 0.9375 0.54453125 0.065625 0.35078125