0 0.0859375 0.46640625 0.07265625 0.35546875
0 0.2078125 0.45625 0.06875 0.39375
0 0.55234375 0.46484375 0.06640625 0.34609375
0 0.6625 0.4765625 0.06484375 0.41875
0 0.725 0.46953125 0.053125 0.3984375
0 0.9171875 0.453125 0.06484375 0.34921875
1 0.8828125 0.39609375 0.0515625 0.1640625
1 0.78359375 0.39453125 0.04765625 0.17109375
1 0.571875 0.38984375 0.0515625 0.18046875
1 0.46171875 0.39453125 0.05546875 0.1796875
1 0.35 0.38984375 0.05390625 0.184375
1 0.23828125 0.38125 0.05234375 0.1890625
1 0.1 0.3765625 0.07109375 0.18828125
1 0.6796875 0.390625 0.0515625 0.17265625