0 0.084375 0.50234375 0.103125 0.3609375
0 0.20546875 0.48203125 0.103125 0.3984375
0 0.54921875 0.46015625 0.096875 0.35
0 0.66015625 0.4625 0.1015625 0.4234375
0 0.721875 0.45 0.0875 0.4015625
0 0.91171875 0.4171875 0.0953125 0.353125
1 0.87265625 0.36328125 0.065625 0.1671875
1 0.7734375 0.3703125 0.0625 0.175
1 0.56171875 0.384375 0.0671875 0.184375
1 0.45234375 0.3984375 0.0703125 0.184375
1 0.340625 0.403125 0.0703125 0.1890625
1 0.22890625 0.4046875 0.06875 0.1921875
1 0.090625 0.41171875 0.0875 0.19375
1 0.66953125 0.375 0.0671875 0.1765625