0 0.84296875 0.66484375 0.12265625 0.66328125
0 0.45703125 0.61484375 0.08828125 0.57109375
0 0.33515625 0.58828125 0.06875 0.44296875
0 0.0265625 0.5359375 0.04609375 0.303125
0 0.09296875 0.553125 0.05625 0.3109375
0 0.24765625 0.5890625 0.05390625 0.35703125
0 0.25 0.3765625 0.04765625 0.06484375
1 0.084375 0.4625 0.04453125 0.159375
1 0.14921875 0.46953125 0.04609375 0.17890625
1 0.3046875 0.47578125 0.046875 0.17578125
1 0.21796875 0.47109375 0.03515625 0.16640625
1 0.3984375 0.4890625 0.046875 0.21171875
1 0.53125 0.50625 0.05703125 0.24609375
1 0.6734375 0.5203125 0.08828125 0.27109375
1 0.8640625 0.5546875 0.11015625 0.34375