1 0.1953125 0.4109375 0.096875 0.20625
1 0.32578125 0.4296875 0.0921875 0.1984375
1 0.4390625 0.45546875 0.090625 0.190625
1 0.5453125 0.48203125 0.0828125 0.1890625
1 0.646875 0.50078125 0.075 0.171875
1 0.74609375 0.51875 0.0734375 0.16875
1 0.92421875 0.56015625 0.0703125 0.171875
0 0.1265625 0.50546875 0.1328125 0.378125
0 0.73203125 0.60078125 0.1734375 0.3453125
0 0.81640625 0.60234375 0.140625 0.39375
0 0.86953125 0.62421875 0.1015625 0.296875
0 0.41953125 0.5421875 0.1265625 0.378125
0 0.2546875 0.52578125 0.1421875 0.4328125
0 0.30625 0.53203125 0.1234375 0.3875