0 0.09140625 0.4234375 0.109375 0.3609375
0 0.2140625 0.42578125 0.109375 0.3984375
0 0.55546875 0.4703125 0.1015625 0.3515625
0 0.6640625 0.49375 0.1078125 0.4234375
0 0.7265625 0.49296875 0.09375 0.4015625
0 0.91953125 0.496875 0.1015625 0.3546875
1 0.89140625 0.43671875 0.06875 0.16875
1 0.79296875 0.425 0.065625 0.175
1 0.5828125 0.39765625 0.0703125 0.184375
1 0.47265625 0.39140625 0.0734375 0.184375
1 0.3625 0.375 0.0734375 0.1890625
1 0.25234375 0.3546875 0.071875 0.19375
1 0.11484375 0.33515625 0.090625 0.1953125
1 0.68984375 0.41015625 0.06875 0.1765625