1 0.071875 0.5671875 0.0984375 0.2171875
1 0.2203125 0.54453125 0.0890625 0.203125
1 0.34375 0.51953125 0.0859375 0.2
1 0.4609375 0.50078125 0.0796875 0.184375
1 0.56484375 0.484375 0.06875 0.1828125
1 0.67421875 0.465625 0.0734375 0.178125
1 0.77109375 0.44765625 0.0640625 0.1671875
1 0.86484375 0.4328125 0.071875 0.1671875
0 0.20546875 0.65078125 0.1296875 0.36875
0 0.33125 0.6296875 0.125 0.3546875
0 0.440625 0.60859375 0.1078125 0.3296875
0 0.51640625 0.5984375 0.115625 0.346875
0 0.60625 0.553125 0.1109375 0.3703125
0 0.734375 0.5171875 0.109375 0.3578125
0 0.821875 0.51875 0.103125 0.334375
0 0.9390625 0.47578125 0.1203125 0.35625