1 0.1921875 0.421875 0.0890625 0.20625
1 0.3234375 0.4359375 0.0859375 0.1984375
1 0.4375 0.4578125 0.084375 0.1890625
1 0.54453125 0.48046875 0.0765625 0.1890625
1 0.646875 0.4953125 0.06875 0.171875
1 0.746875 0.51015625 0.06875 0.16875
1 0.9265625 0.5453125 0.0640625 0.171875
0 0.1265625 0.51875 0.1203125 0.378125
0 0.73515625 0.59296875 0.1625 0.34375
0 0.8203125 0.59140625 0.1265625 0.39375
0 0.87421875 0.61171875 0.0921875 0.296875
0 0.42109375 0.5453125 0.1140625 0.378125
0 0.25546875 0.534375 0.128125 0.434375
0 0.30703125 0.5390625 0.1109375 0.3890625