1 0.12578125 0.3375 0.10625 0.215625
1 0.26171875 0.37421875 0.103125 0.2203125
1 0.38125 0.39921875 0.0984375 0.1953125
1 0.49375 0.42265625 0.0859375 0.1828125
1 0.60078125 0.4453125 0.0765625 0.175
1 0.69140625 0.46796875 0.090625 0.1828125
1 0.78515625 0.47265625 0.075 0.15625
1 0.87109375 0.50546875 0.078125 0.1734375
0 0.071875 0.43125 0.14375 0.384375
0 0.20234375 0.459375 0.153125 0.4640625
0 0.528125 0.5390625 0.1625 0.378125
0 0.8015625 0.58359375 0.1546875 0.4359375
0 0.8828125 0.58046875 0.11875 0.3046875
0 0.240625 0.46171875 0.128125 0.3859375
0 0.6953125 0.5484375 0.1390625 0.325