1 0.65859375 0.39921875 0.0625 0.1765625
1 0.1640625 0.3640625 0.078125 0.2203125
1 0.3046875 0.378125 0.0765625 0.215625
1 0.4328125 0.38828125 0.0703125 0.203125
1 0.55078125 0.39140625 0.065625 0.1875
1 0.7671875 0.40390625 0.053125 0.171875
1 0.86484375 0.409375 0.0609375 0.175
1 0.9546875 0.41875 0.059375 0.175
0 0.79375 0.49140625 0.0796875 0.3484375
0 0.3109375 0.47109375 0.08125 0.3984375
0 0.1265625 0.4609375 0.1125 0.3953125
0 0.4328125 0.46953125 0.084375 0.3984375
0 0.55703125 0.47890625 0.08125 0.3515625
0 0.8796875 0.48984375 0.103125 0.43125