0 0.22734375 0.5921875 0.1296875 0.4609375
0 0.46875 0.5875 0.09375 0.3578125
0 0.5453125 0.5828125 0.078125 0.3703125
0 0.76015625 0.5390625 0.1046875 0.375
0 0.8921875 0.51796875 0.0953125 0.3671875
1 0.06640625 0.50390625 0.0953125 0.2328125
1 0.2203125 0.4875 0.096875 0.2203125
1 0.49140625 0.47109375 0.075 0.1953125
1 0.3640625 0.4828125 0.0796875 0.209375
1 0.61171875 0.46796875 0.0703125 0.2
1 0.72265625 0.4578125 0.0671875 0.2015625
1 0.83515625 0.44765625 0.0640625 0.1953125
1 0.93515625 0.4421875 0.05625 0.184375