0 0.0734375 0.4015625 0.146875 0.40625
0 0.43046875 0.51328125 0.11875 0.3234375
0 0.49140625 0.534375 0.11875 0.346875
0 0.734375 0.55546875 0.15625 0.4140625
0 0.8640625 0.58984375 0.140625 0.3953125
1 0.1296875 0.3359375 0.1078125 0.2078125
1 0.2546875 0.36640625 0.103125 0.203125
1 0.3734375 0.39765625 0.096875 0.196875
1 0.48828125 0.421875 0.1015625 0.2046875
1 0.60625 0.4515625 0.096875 0.196875
1 0.73125 0.47265625 0.0984375 0.196875
1 0.8484375 0.5 0.0984375 0.1921875
1 0.95703125 0.52734375 0.0859375 0.1953125