0 0.06015625 0.42890625 0.11875 0.36875
0 0.2046875 0.465625 0.13125 0.359375
0 0.384375 0.52421875 0.103125 0.3078125
0 0.44296875 0.5390625 0.1109375 0.33125
0 0.54375 0.52890625 0.11875 0.365625
0 0.8796875 0.62421875 0.1125 0.3171875
1 0.1234375 0.371875 0.075 0.1921875
1 0.2265625 0.39296875 0.0875 0.18125
1 0.3375 0.41875 0.0859375 0.1828125
1 0.4484375 0.44140625 0.0859375 0.184375
1 0.66484375 0.48046875 0.078125 0.1796875
1 0.76640625 0.503125 0.0796875 0.1765625
1 0.88046875 0.52265625 0.084375 0.178125
1 0.55703125 0.4546875 0.084375 0.171875