0 0.07578125 0.39375 0.1515625 0.40625
0 0.43046875 0.5125 0.1234375 0.321875
0 0.490625 0.53359375 0.125 0.3453125
0 0.7328125 0.559375 0.1640625 0.4140625
0 0.8625 0.59609375 0.146875 0.39375
1 0.1328125 0.3296875 0.1109375 0.2078125
1 0.25703125 0.3625 0.10625 0.203125
1 0.37578125 0.3953125 0.1 0.196875
1 0.48984375 0.421875 0.1046875 0.2046875
1 0.60703125 0.453125 0.1 0.196875
1 0.73125 0.4765625 0.1015625 0.196875
1 0.8484375 0.50625 0.1015625 0.1921875
1 0.95703125 0.53515625 0.0859375 0.1953125