0 0.2203125 0.56796875 0.08984375 0.45546875
0 0.4609375 0.584375 0.0625 0.35390625
0 0.53828125 0.58671875 0.04609375 0.36796875
0 0.75546875 0.56171875 0.07265625 0.3703125
0 0.8890625 0.55234375 0.06328125 0.36328125
1 0.06796875 0.46640625 0.07578125 0.2265625
1 0.22265625 0.46328125 0.078125 0.21484375
1 0.49375 0.4703125 0.059375 0.190625
1 0.36640625 0.47109375 0.0625 0.20546875
1 0.6140625 0.478125 0.053125 0.196875
1 0.72578125 0.47734375 0.05078125 0.19765625
1 0.83828125 0.47734375 0.046875 0.1921875
1 0.93828125 0.48046875 0.03984375 0.18203125