0 0.05625 0.459375 0.0953125 0.36875
0 0.203125 0.4859375 0.1078125 0.3578125
0 0.38671875 0.53203125 0.0828125 0.30625
0 0.44609375 0.54296875 0.0890625 0.33125
0 0.54609375 0.52578125 0.09375 0.3640625
0 0.8875 0.596875 0.0921875 0.315625
1 0.115625 0.3984375 0.0625 0.190625
1 0.2203125 0.4125 0.075 0.178125
1 0.33203125 0.43046875 0.075 0.18125
1 0.44453125 0.4453125 0.0734375 0.1828125
1 0.66328125 0.46953125 0.0671875 0.178125
1 0.76640625 0.48515625 0.06875 0.175
1 0.88125 0.49609375 0.0734375 0.1765625
1 0.55390625 0.45078125 0.0734375 0.1703125