0 0.21328125 0.5234375 0.159375 0.4640625
0 0.4484375 0.57734375 0.1171875 0.359375
0 0.52421875 0.59140625 0.103125 0.3703125
0 0.74296875 0.60078125 0.1296875 0.3765625
0 0.87578125 0.6125 0.11875 0.36875
1 0.07890625 0.39921875 0.1109375 0.2359375
1 0.23203125 0.4203125 0.1109375 0.225
1 0.4984375 0.46953125 0.0890625 0.196875
1 0.37265625 0.45078125 0.09375 0.2125
1 0.61640625 0.49609375 0.0828125 0.203125
1 0.7265625 0.51328125 0.08125 0.203125
1 0.8375 0.53046875 0.0765625 0.196875
1 0.9359375 0.54921875 0.0671875 0.1859375