1 0.64296875 0.378125 0.06875 0.178125
1 0.1484375 0.4125 0.084375 0.221875
1 0.28984375 0.40625 0.0828125 0.21875
1 0.41796875 0.39921875 0.0765625 0.2046875
1 0.53515625 0.38515625 0.071875 0.1890625
1 0.75078125 0.3671875 0.059375 0.1734375
1 0.8484375 0.359375 0.0671875 0.1765625
1 0.9390625 0.35625 0.065625 0.175
0 0.78984375 0.45 0.090625 0.35
0 0.30859375 0.49765625 0.0953125 0.3984375
0 0.125 0.51328125 0.125 0.396875
0 0.42890625 0.4796875 0.0984375 0.4
0 0.553125 0.47109375 0.0921875 0.353125
0 0.875 0.4375 0.11875 0.4328125