1 0.0984375 0.42578125 0.06171875 0.20703125
1 0.23984375 0.43125 0.05625 0.21328125
1 0.36171875 0.428125 0.0578125 0.1875
1 0.4765625 0.42578125 0.046875 0.17734375
1 0.5859375 0.42421875 0.0390625 0.1703125
1 0.67890625 0.42578125 0.05234375 0.17578125
1 0.771875 0.409375 0.04296875 0.15
1 0.8625 0.421875 0.040625 0.16796875
0 0.06640625 0.5296875 0.06328125 0.38046875
0 0.20078125 0.52734375 0.05 0.4640625
0 0.5359375 0.53203125 0.08203125 0.36875
0 0.8125 0.51328125 0.05859375 0.434375
0 0.89140625 0.4921875 0.0515625 0.3015625
0 0.23828125 0.52109375 0.04296875 0.38671875
0 0.7015625 0.503125 0.06953125 0.31796875