0 0.1921875 0.51796875 0.06796875 0.32109375
0 0.29140625 0.55 0.04453125 0.31875
0 0.33203125 0.56640625 0.05703125 0.35703125
0 0.51171875 0.56484375 0.071875 0.471875
0 0.67578125 0.58984375 0.1046875 0.5828125
1 0.9265625 0.46953125 0.10625 0.3328125
1 0.73359375 0.4625 0.08515625 0.28125
1 0.58828125 0.45859375 0.06796875 0.25078125
1 0.47578125 0.45234375 0.059375 0.21171875
1 0.3890625 0.45625 0.0484375 0.19453125
1 0.3109375 0.44453125 0.046875 0.1703125
1 0.25078125 0.44375 0.03671875 0.16015625