1 0.11484375 0.3640625 0.09375 0.2140625
1 0.25390625 0.39140625 0.0890625 0.21875
1 0.375 0.40703125 0.0859375 0.19375
1 0.48828125 0.42265625 0.0734375 0.1828125
1 0.596875 0.43828125 0.065625 0.175
1 0.68828125 0.4546875 0.0796875 0.18125
1 0.7828125 0.453125 0.065625 0.1546875
1 0.8703125 0.4796875 0.065625 0.171875
0 0.0671875 0.46171875 0.121875 0.3859375
0 0.2 0.48046875 0.121875 0.465625
0 0.53046875 0.5375 0.1390625 0.3765625
0 0.80625 0.56171875 0.1265625 0.4375
0 0.8875 0.553125 0.0984375 0.30625
0 0.23828125 0.4796875 0.103125 0.3890625
0 0.6984375 0.534375 0.11875 0.325