0 0.08359375 0.51875 0.05703125 0.309375
0 0.39375 0.5390625 0.053125 0.3234375
0 0.5 0.54921875 0.05625 0.32265625
0 0.6203125 0.54296875 0.06171875 0.35859375
0 0.76484375 0.553125 0.075 0.378125
0 0.9015625 0.56796875 0.06953125 0.3625
1 0.13671875 0.453125 0.05 0.15546875
1 0.22578125 0.45859375 0.04765625 0.1640625
1 0.31640625 0.46015625 0.0484375 0.16328125
1 0.4125 0.459375 0.0609375 0.16875
1 0.51796875 0.4609375 0.053125 0.171875
1 0.63125 0.4609375 0.059375 0.19453125
1 0.7578125 0.4625 0.06015625 0.19453125
1 0.8859375 0.465625 0.0625 0.184375