1 0.17890625 0.42734375 0.05625 0.178125
1 0.2890625 0.425 0.059375 0.18125
1 0.4 0.425 0.0453125 0.1640625
1 0.5015625 0.42578125 0.046875 0.1625
1 0.6046875 0.4234375 0.034375 0.1609375
1 0.68984375 0.4265625 0.0265625 0.15625
1 0.78828125 0.425 0.0375 0.146875
1 0.89375 0.4234375 0.0234375 0.15625
0 0.10859375 0.53984375 0.075 0.421875
0 0.2859375 0.5703125 0.103125 0.54375
0 0.57421875 0.5171875 0.046875 0.3125
0 0.7171875 0.496875 0.053125 0.2890625
0 0.815625 0.49609375 0.053125 0.290625
0 0.86328125 0.4921875 0.040625 0.31875