0 0.20078125 0.47421875 0.0671875 0.35625
0 0.43671875 0.46953125 0.05234375 0.3484375
0 0.6625 0.4859375 0.0625 0.31015625
0 0.7765625 0.48984375 0.0609375 0.32421875
0 0.88828125 0.48828125 0.078125 0.36953125
1 0.0828125 0.3953125 0.0625 0.18125
1 0.20390625 0.39375 0.06171875 0.18046875
1 0.3265625 0.3984375 0.0546875 0.17890625
1 0.4375 0.39609375 0.05546875 0.17421875
1 0.5453125 0.40234375 0.04765625 0.17265625
1 0.6421875 0.40390625 0.034375 0.1640625
1 0.75 0.4046875 0.04609375 0.16484375
1 0.84453125 0.40390625 0.0515625 0.16328125