0 0.21640625 0.5234375 0.0890625 0.359375
0 0.446875 0.5046875 0.0703125 0.3484375
0 0.665625 0.5015625 0.0671875 0.3203125
0 0.778125 0.4984375 0.0734375 0.3109375
0 0.8484375 0.4890625 0.0703125 0.3296875
1 0.0921875 0.44921875 0.071875 0.190625
1 0.2125 0.440625 0.075 0.1921875
1 0.3328125 0.4390625 0.0640625 0.18125
1 0.44140625 0.43515625 0.0640625 0.16875
1 0.55 0.43125 0.05625 0.1671875
1 0.65546875 0.41953125 0.0625 0.1609375
1 0.76015625 0.415625 0.0671875 0.159375
1 0.84765625 0.40546875 0.0640625 0.1609375