0 0.0828125 0.50390625 0.0671875 0.3109375
0 0.3921875 0.53515625 0.0640625 0.325
0 0.4984375 0.54921875 0.0671875 0.325
0 0.61875 0.546875 0.0734375 0.3609375
0 0.7625 0.5625 0.0875 0.38125
0 0.89921875 0.58203125 0.0828125 0.3640625
1 0.13828125 0.440625 0.0546875 0.1578125
1 0.22734375 0.44921875 0.053125 0.165625
1 0.31796875 0.45390625 0.0546875 0.165625
1 0.4140625 0.45625 0.0671875 0.1703125
1 0.51953125 0.46171875 0.059375 0.1734375
1 0.6328125 0.465625 0.065625 0.196875
1 0.75859375 0.471875 0.0671875 0.196875
1 0.88671875 0.47890625 0.06875 0.1859375