1 0.19453125 0.378125 0.0828125 0.184375
1 0.303125 0.39296875 0.0875 0.1890625
1 0.41328125 0.41015625 0.0703125 0.16875
1 0.51328125 0.4265625 0.071875 0.1671875
1 0.615625 0.440625 0.0578125 0.1640625
1 0.69921875 0.45703125 0.0515625 0.159375
1 0.79609375 0.47109375 0.0609375 0.1515625
1 0.90078125 0.4859375 0.046875 0.1578125
0 0.10703125 0.478125 0.140625 0.4296875
0 0.27734375 0.5359375 0.1875 0.553125
0 0.5703125 0.52890625 0.0953125 0.3171875
0 0.71484375 0.53125 0.096875 0.29375
0 0.8125 0.5453125 0.096875 0.2953125
0 0.86015625 0.54921875 0.090625 0.321875