0 0.215625 0.51328125 0.0765625 0.3578125
0 0.446875 0.50234375 0.0578125 0.346875
0 0.665625 0.50703125 0.05625 0.3203125
0 0.778125 0.50859375 0.0625 0.309375
0 0.8484375 0.50078125 0.059375 0.3296875
1 0.09375 0.43515625 0.065625 0.1890625
1 0.2140625 0.43046875 0.06875 0.1890625
1 0.334375 0.43359375 0.0578125 0.1796875
1 0.44296875 0.4328125 0.0578125 0.1671875
1 0.553125 0.4328125 0.05 0.1671875
1 0.6578125 0.425 0.0578125 0.159375
1 0.7625 0.425 0.0609375 0.1578125
1 0.85078125 0.4171875 0.0578125 0.159375