1 0.140625 0.42890625 0.0671875 0.1578125
1 0.21484375 0.4421875 0.065625 0.165625
1 0.3 0.459375 0.0703125 0.175
1 0.38984375 0.4765625 0.0828125 0.184375
1 0.48671875 0.4953125 0.0875 0.19375
1 0.61171875 0.51875 0.0734375 0.203125
1 0.73046875 0.5375 0.0984375 0.2265625
1 0.87578125 0.56875 0.10625 0.2328125
0 0.0640625 0.50390625 0.128125 0.3734375
0 0.15078125 0.50625 0.0984375 0.309375
0 0.240625 0.5109375 0.1046875 0.3296875
0 0.3359375 0.5375 0.1203125 0.3640625
0 0.446875 0.58515625 0.1125 0.35
0 0.56875 0.59296875 0.13125 0.3984375
0 0.696875 0.62578125 0.1515625 0.434375