0 0.0875 0.5625 0.0890625 0.3140625
0 0.3984375 0.55 0.0859375 0.3265625
0 0.50546875 0.54921875 0.0890625 0.3265625
0 0.62421875 0.53046875 0.0984375 0.3625
0 0.76875 0.525 0.1140625 0.384375
0 0.90625 0.52578125 0.1078125 0.3671875
1 0.13359375 0.49140625 0.065625 0.159375
1 0.22265625 0.4875 0.0640625 0.16875
1 0.31328125 0.4796875 0.065625 0.1671875
1 0.40859375 0.46875 0.078125 0.1734375
1 0.5140625 0.459375 0.0703125 0.1765625
1 0.6265625 0.44765625 0.0796875 0.2
1 0.75234375 0.4359375 0.0796875 0.2
1 0.88046875 0.42578125 0.08125 0.190625