0 0.20859375 0.42734375 0.121875 0.3625
0 0.4421875 0.46015625 0.10625 0.3515625
0 0.6625 0.51171875 0.1109375 0.315625
0 0.775 0.53359375 0.1109375 0.3296875
0 0.88515625 0.54921875 0.134375 0.3765625
1 0.1046875 0.33125 0.090625 0.1890625
1 0.22421875 0.3484375 0.0890625 0.1875
1 0.34453125 0.37265625 0.08125 0.1859375
1 0.4546875 0.3875 0.0828125 0.18125
1 0.56015625 0.4109375 0.0734375 0.178125
1 0.65546875 0.42734375 0.059375 0.1671875
1 0.76171875 0.4453125 0.071875 0.1703125
1 0.85546875 0.459375 0.0765625 0.16875