0 0.2 0.48984375 0.0859375 0.359375
0 0.43515625 0.47265625 0.0703125 0.35
0 0.66171875 0.47734375 0.078125 0.3125
0 0.77578125 0.475 0.078125 0.3265625
0 0.8875 0.46796875 0.096875 0.3734375
1 0.078125 0.4171875 0.071875 0.184375
1 0.1984375 0.409375 0.0703125 0.1828125
1 0.321875 0.4078125 0.0640625 0.18125
1 0.43203125 0.39921875 0.0640625 0.1765625
1 0.53984375 0.4 0.05625 0.175
1 0.63671875 0.396875 0.0421875 0.165625
1 0.74453125 0.39140625 0.0546875 0.1671875
1 0.8390625 0.3859375 0.059375 0.165625