1 0.18515625 0.46328125 0.053125 0.14375
1 0.35 0.46015625 0.0625 0.1625
1 0.43671875 0.45625 0.0640625 0.1625
0 0.15 0.5328125 0.0734375 0.2625
0 0.22890625 0.53984375 0.065625 0.25625
0 0.28359375 0.53359375 0.0875 0.3671875
0 0.3234375 0.51328125 0.0578125 0.2796875
0 0.425 0.52421875 0.084375 0.3171875
0 0.51875 0.525 0.0859375 0.346875
0 0.62890625 0.52109375 0.1078125 0.3671875
0 0.753125 0.5265625 0.0984375 0.353125
0 0.9390625 0.5828125 0.11875 0.403125
0 0.90078125 0.5171875 0.1015625 0.3859375
1 0.5265625 0.453125 0.075 0.1765625
1 0.6375 0.4515625 0.0734375 0.1765625
1 0.26171875 0.46015625 0.0640625 0.1546875
1 0.753125 0.4453125 0.0828125 0.1890625
1 0.884375 0.43671875 0.084375 0.1953125