1 0.28203125 0.45546875 0.059375 0.1421875
1 0.340625 0.44453125 0.059375 0.146875
1 0.4078125 0.440625 0.0671875 0.1671875
1 0.4859375 0.4296875 0.078125 0.175
1 0.5828125 0.41796875 0.090625 0.20625
1 0.70234375 0.40390625 0.090625 0.2140625
1 0.8390625 0.38671875 0.1234375 0.25
0 0.1390625 0.55234375 0.1046875 0.3234375
0 0.19921875 0.5796875 0.13125 0.3578125
0 0.25 0.5140625 0.0859375 0.2703125
0 0.31015625 0.5234375 0.09375 0.2765625
0 0.378125 0.5109375 0.1015625 0.30625
0 0.45546875 0.51015625 0.1140625 0.3421875
0 0.5390625 0.49375 0.1390625 0.4125
0 0.67265625 0.50546875 0.1546875 0.440625
0 0.8234375 0.48828125 0.1734375 0.5203125