1 0.28828125 0.4328125 0.0453125 0.140625
1 0.346875 0.428125 0.0453125 0.1453125
1 0.41484375 0.43125 0.0515625 0.165625
1 0.49375 0.428125 0.0609375 0.171875
1 0.590625 0.42734375 0.0703125 0.203125
1 0.71171875 0.42578125 0.0703125 0.2109375
1 0.84921875 0.4234375 0.1 0.2453125
0 0.1359375 0.51484375 0.071875 0.3234375
0 0.19296875 0.54765625 0.0953125 0.35625
0 0.24921875 0.48828125 0.059375 0.2703125
0 0.30859375 0.503125 0.0671875 0.2765625
0 0.37734375 0.4984375 0.0703125 0.30625
0 0.4546875 0.50546875 0.0796875 0.3421875
0 0.53984375 0.4984375 0.096875 0.4125
0 0.67109375 0.5234375 0.1109375 0.4390625
0 0.82265625 0.521875 0.121875 0.5203125