0 0.10703125 0.51640625 0.0484375 0.190625
0 0.14765625 0.60859375 0.065625 0.2796875
0 0.17734375 0.56015625 0.05625 0.2875
0 0.2328125 0.59375 0.0796875 0.390625
0 0.26875 0.55390625 0.0671875 0.3140625
0 0.328125 0.57265625 0.075 0.3328125
0 0.3640625 0.5609375 0.0625 0.28125
0 0.421875 0.6015625 0.090625 0.49375
0 0.46484375 0.54921875 0.0546875 0.29375
0 0.5859375 0.571875 0.0765625 0.390625
0 0.6640625 0.540625 0.0765625 0.3078125
0 0.76796875 0.53828125 0.0703125 0.3109375
0 0.82734375 0.55859375 0.0703125 0.3609375
0 0.88515625 0.534375 0.078125 0.3140625
0 0.97421875 0.534375 0.0515625 0.315625
1 0.29375 0.490625 0.0484375 0.1515625
1 0.378125 0.48984375 0.0546875 0.1390625
1 0.4734375 0.4859375 0.05625 0.15
1 0.659375 0.47109375 0.05625 0.140625
1 0.75546875 0.46953125 0.05625 0.1515625
1 0.84765625 0.46484375 0.0484375 0.140625
1 0.190625 0.50390625 0.05 0.15
1 0.5625 0.48125 0.0515625 0.1328125