1 0.1828125 0.490625 0.065625 0.1453125
1 0.346875 0.4734375 0.075 0.1640625
1 0.4328125 0.46171875 0.0765625 0.1640625
0 0.15390625 0.56328125 0.0953125 0.2625
0 0.23359375 0.56328125 0.0875 0.25625
0 0.2875 0.55234375 0.11875 0.365625
0 0.325 0.528125 0.0828125 0.278125
0 0.42734375 0.53125 0.1109375 0.31875
0 0.52109375 0.52265625 0.115625 0.346875
0 0.6296875 0.509375 0.1375 0.36875
0 0.7546875 0.5046875 0.128125 0.3546875
0 0.93359375 0.54296875 0.1328125 0.4046875
0 0.90078125 0.4828125 0.1328125 0.3859375
1 0.52265625 0.45078125 0.0890625 0.1796875
1 0.63203125 0.43984375 0.0875 0.178125
1 0.259375 0.48046875 0.0765625 0.15625
1 0.74765625 0.4234375 0.0984375 0.1921875
1 0.87734375 0.40390625 0.1 0.1984375