0 0.90625 0.46953125 0.1578125 0.3953125
0 0.103125 0.5875 0.1015625 0.2953125
0 0.14921875 0.61015625 0.1390625 0.384375
0 0.20859375 0.56953125 0.1234375 0.315625
0 0.25859375 0.55234375 0.0953125 0.284375
0 0.284375 0.5578125 0.1 0.29375
0 0.35546875 0.62578125 0.14375 0.3546875
0 0.334375 0.45234375 0.06875 0.1140625
0 0.409375 0.48671875 0.0796875 0.2046875
0 0.45234375 0.5265625 0.115625 0.3515625
0 0.51015625 0.52421875 0.109375 0.3359375
0 0.53984375 0.5328125 0.1171875 0.35
0 0.59921875 0.54140625 0.146875 0.3921875
0 0.63984375 0.50546875 0.1328125 0.3546875
0 0.7578125 0.49453125 0.140625 0.3796875
1 0.853125 0.32578125 0.0578125 0.0734375
1 0.22734375 0.49609375 0.065625 0.14375
1 0.29453125 0.48671875 0.071875 0.1515625
1 0.36796875 0.47265625 0.0734375 0.1671875
1 0.44921875 0.45859375 0.0703125 0.15
1 0.534375 0.43984375 0.0765625 0.1515625
1 0.6359375 0.434375 0.09375 0.184375
1 0.74921875 0.41328125 0.1078125 0.203125