0 0.203125 0.52734375 0.0609375 0.240625
0 0.2546875 0.5421875 0.0640625 0.2234375
0 0.4171875 0.53359375 0.0859375 0.3328125
0 0.48515625 0.52734375 0.1046875 0.3890625
1 0.25546875 0.4578125 0.0421875 0.11875
1 0.29609375 0.46484375 0.046875 0.1421875
1 0.33984375 0.46171875 0.053125 0.15
1 0.3953125 0.45546875 0.059375 0.153125
1 0.46328125 0.44921875 0.0640625 0.1578125
1 0.54140625 0.45234375 0.078125 0.203125
1 0.64609375 0.4421875 0.0890625 0.2328125
1 0.78125 0.43828125 0.109375 0.2640625