1 0.20234375 0.48359375 0.0671875 0.1609375
1 0.30078125 0.47265625 0.0578125 0.1578125
1 0.384375 0.45625 0.0546875 0.1515625
1 0.4796875 0.446875 0.0671875 0.1484375
1 0.5796875 0.4375 0.059375 0.1390625
1 0.6796875 0.43046875 0.065625 0.1671875
1 0.7796875 0.42734375 0.0546875 0.1609375
1 0.89140625 0.41484375 0.065625 0.165625
0 0.075 0.58046875 0.075 0.3078125
0 0.1328125 0.5734375 0.0875 0.334375
0 0.2078125 0.565625 0.1109375 0.3796875
0 0.2875 0.5484375 0.0734375 0.284375
0 0.37265625 0.5328125 0.0765625 0.30625
0 0.4203125 0.54921875 0.1 0.403125
0 0.534375 0.56328125 0.0765625 0.340625
0 0.58828125 0.51328125 0.0921875 0.315625
0 0.69296875 0.521875 0.0828125 0.3015625
0 0.78125 0.51796875 0.0875 0.3328125
0 0.81640625 0.4828125 0.0796875 0.321875
0 0.91875 0.5 0.0890625 0.30625