1 0.20546875 0.45234375 0.0515625 0.15703125
1 0.3046875 0.45234375 0.0421875 0.15390625
1 0.38984375 0.44453125 0.0390625 0.14765625
1 0.48515625 0.4453125 0.053125 0.14375
1 0.5859375 0.44609375 0.0453125 0.13515625
1 0.6859375 0.45 0.04921875 0.1625
1 0.7859375 0.45703125 0.0390625 0.1578125
1 0.8984375 0.45625 0.0484375 0.1609375
0 0.06875 0.5359375 0.04296875 0.3046875
0 0.12734375 0.534375 0.05390625 0.33125
0 0.20234375 0.534375 0.07265625 0.3734375
0 0.28359375 0.52578125 0.04375 0.28203125
0 0.36953125 0.51953125 0.0453125 0.30390625
0 0.415625 0.540625 0.0578125 0.4
0 0.52734375 0.56640625 0.0421875 0.33828125
0 0.58671875 0.52265625 0.059375 0.31171875
0 0.68984375 0.5421875 0.05234375 0.29765625
0 0.778125 0.54765625 0.05390625 0.32890625
0 0.81640625 0.515625 0.046875 0.31796875
0 0.91640625 0.54375 0.0578125 0.3015625