0 0.09375 0.70546875 0.1203125 0.3453125
0 0.15859375 0.6734375 0.128125 0.3203125
0 0.21640625 0.70625 0.1125 0.3515625
0 0.24140625 0.6875 0.09375 0.325
0 0.26875 0.6640625 0.090625 0.3046875
0 0.3234375 0.69296875 0.1203125 0.403125
0 0.36796875 0.66640625 0.103125 0.3328125
0 0.39765625 0.63125 0.0921875 0.265625
0 0.4796875 0.62578125 0.121875 0.3875
0 0.625 0.66796875 0.1265625 0.371875
0 0.5484375 0.51484375 0.065625 0.1484375
0 0.578125 0.46640625 0.05 0.0796875
0 0.71640625 0.6015625 0.1109375 0.3296875
0 0.678125 0.5734375 0.096875 0.303125
0 0.790625 0.55546875 0.1125 0.3296875
0 0.853125 0.578125 0.1359375 0.421875
0 0.9140625 0.61796875 0.16875 0.4640625
0 0.95390625 0.55390625 0.0921875 0.3828125
1 0.3171875 0.57109375 0.071875 0.1578125
1 0.40234375 0.55546875 0.071875 0.1578125
1 0.48359375 0.53828125 0.0765625 0.146875
1 0.571875 0.51171875 0.078125 0.140625
1 0.6671875 0.4921875 0.078125 0.1453125
1 0.7703125 0.47890625 0.071875 0.1359375
1 0.86796875 0.46015625 0.08125 0.140625
1 0.23515625 0.590625 0.0765625 0.1609375