0 0.04453125 0.59296875 0.075 0.31875
0 0.14765625 0.565625 0.0765625 0.271875
0 0.22109375 0.54765625 0.0640625 0.2640625
0 0.253125 0.56328125 0.0484375 0.2609375
0 0.2796875 0.58515625 0.0734375 0.34375
0 0.29375 0.46171875 0.028125 0.071875
0 0.34140625 0.57265625 0.08125 0.2921875
0 0.3734375 0.46875 0.034375 0.0734375
0 0.4171875 0.5609375 0.0796875 0.3609375
0 0.46171875 0.54375 0.065625 0.3140625
0 0.50546875 0.56953125 0.0828125 0.3640625
0 0.559375 0.54453125 0.08125 0.325
0 0.6375 0.590625 0.090625 0.34375
0 0.67265625 0.5578125 0.084375 0.340625
0 0.79375 0.45078125 0.096875 0.2109375
0 0.840625 0.5734375 0.0953125 0.415625
0 0.93203125 0.5546875 0.10625 0.3859375
1 0.9296875 0.44921875 0.0890625 0.1828125
1 0.7921875 0.459375 0.075 0.184375
1 0.678125 0.471875 0.0734375 0.1828125
1 0.5734375 0.46875 0.0515625 0.1453125
1 0.4796875 0.471875 0.0546875 0.146875
1 0.3984375 0.4828125 0.0546875 0.1515625
1 0.33125 0.4953125 0.05625 0.1546875