1 0.15 0.37421875 0.04375 0.040625
1 0.2171875 0.43125 0.0515625 0.1625
1 0.2953125 0.4390625 0.0578125 0.1765625
1 0.3859375 0.4484375 0.065625 0.175
1 0.4828125 0.453125 0.0625 0.184375
1 0.58671875 0.45234375 0.0640625 0.1953125
1 0.8625 0.47578125 0.096875 0.2453125
0 0.8484375 0.5796875 0.140625 0.4921875
0 0.6984375 0.56640625 0.103125 0.4171875
0 0.61171875 0.571875 0.10625 0.4578125
0 0.5390625 0.53046875 0.084375 0.4078125
0 0.3390625 0.50703125 0.09375 0.36875
0 0.2453125 0.5140625 0.0765625 0.3140625
0 0.1859375 0.5109375 0.06875 0.2921875
0 0.13046875 0.5140625 0.0796875 0.290625
0 0.06796875 0.48828125 0.078125 0.3109375
1 0.71328125 0.46796875 0.0984375 0.221875