0 0.959375 0.5453125 0.08125 0.38125
0 0.86015625 0.55859375 0.096875 0.4046875
0 0.88828125 0.56875 0.1546875 0.4515625
0 0.81171875 0.54921875 0.090625 0.346875
0 0.72109375 0.54140625 0.1046875 0.3640625
0 0.665625 0.5703125 0.0875 0.3234375
0 0.56328125 0.65 0.153125 0.5109375
0 0.57265625 0.44765625 0.0640625 0.11875
0 0.4546875 0.57109375 0.1078125 0.371875
0 0.39453125 0.61640625 0.13125 0.478125
0 0.3390625 0.56328125 0.0734375 0.2578125
0 0.3078125 0.61875 0.1 0.3140625
0 0.24375 0.45546875 0.0421875 0.0734375
0 0.23984375 0.6265625 0.115625 0.4375
0 0.14140625 0.48046875 0.046875 0.084375
0 0.18125 0.628125 0.0921875 0.3296875
0 0.07578125 0.609375 0.0765625 0.290625
0 0.11484375 0.65625 0.1234375 0.4109375
1 0.1890625 0.52265625 0.06875 0.171875
1 0.28203125 0.5140625 0.0734375 0.171875
1 0.371875 0.50546875 0.0734375 0.1765625
1 0.46796875 0.496875 0.0734375 0.16875
1 0.57109375 0.48203125 0.0765625 0.1703125
1 0.6671875 0.4125 0.0484375 0.059375
1 0.79140625 0.40234375 0.0703125 0.065625
1 0.9203125 0.396875 0.0609375 0.071875