1 0.41171875 0.50703125 0.046875 0.19296875
1 0.69140625 0.48828125 0.04140625 0.15234375
1 0.76875 0.4828125 0.034375 0.15078125
1 0.8375 0.48125 0.03125 0.1421875
1 0.15234375 0.51171875 0.07109375 0.20390625
1 0.290625 0.51171875 0.06484375 0.21328125
0 0.08671875 0.64921875 0.0765625 0.49140625
0 0.15703125 0.6 0.0765625 0.42578125
0 0.28046875 0.6046875 0.03203125 0.36640625
0 0.30703125 0.621875 0.040625 0.40390625
0 0.34921875 0.6703125 0.07109375 0.46171875
0 0.4203125 0.60078125 0.0328125 0.33671875
0 0.45703125 0.621875 0.0546875 0.3703125
0 0.50859375 0.6421875 0.05625 0.43203125
0 0.559375 0.6671875 0.059375 0.53125
0 0.6015625 0.5765625 0.04375 0.403125
0 0.64140625 0.559375 0.0515625 0.315625
0 0.71875 0.4359375 0.02109375 0.0546875
0 0.7453125 0.5796875 0.05234375 0.3625
0 0.7875 0.5828125 0.034375 0.29296875
0 0.80625 0.4546875 0.0421875 0.1421875
0 0.8671875 0.5390625 0.03984375 0.27421875
0 0.9171875 0.56796875 0.05078125 0.30859375