1 0.4125 0.51171875 0.05625 0.1953125
1 0.690625 0.478125 0.05 0.1546875
1 0.7671875 0.46875 0.0421875 0.153125
1 0.8359375 0.46328125 0.0390625 0.14375
1 0.153125 0.5296875 0.08125 0.2078125
1 0.29140625 0.52265625 0.0765625 0.215625
0 0.0953125 0.6703125 0.1015625 0.4953125
0 0.1625 0.61796875 0.0984375 0.4296875
0 0.2859375 0.61640625 0.0515625 0.3671875
0 0.3140625 0.63203125 0.0609375 0.40625
0 0.35859375 0.678125 0.0953125 0.4640625
0 0.42578125 0.6046875 0.05 0.3375
0 0.46328125 0.62421875 0.0734375 0.3734375
0 0.51640625 0.64140625 0.078125 0.434375
0 0.56796875 0.6640625 0.0875 0.534375
0 0.60546875 0.57109375 0.0640625 0.4046875
0 0.64453125 0.5515625 0.06875 0.3171875
0 0.71484375 0.42421875 0.0234375 0.05625
0 0.74921875 0.56640625 0.071875 0.3640625
0 0.79140625 0.56796875 0.05 0.29375
0 0.803125 0.4390625 0.05 0.14375
0 0.86875 0.51953125 0.0546875 0.2765625
0 0.9203125 0.54609375 0.0671875 0.3109375