0 0.06953125 0.584375 0.06875 0.3046875
0 0.1390625 0.56953125 0.0546875 0.2734375
0 0.1984375 0.53984375 0.05 0.2609375
0 0.23203125 0.565625 0.0453125 0.2703125
0 0.325 0.56171875 0.065625 0.2875
0 0.3703125 0.5546875 0.0515625 0.253125
0 0.43671875 0.53515625 0.0640625 0.3265625
0 0.52890625 0.5375 0.0625 0.3
0 0.575 0.5828125 0.1 0.3921875
0 0.65859375 0.571875 0.0734375 0.3109375
0 0.771875 0.56484375 0.090625 0.4359375
0 0.80625 0.55078125 0.0765625 0.3765625
0 0.9203125 0.55859375 0.0859375 0.3859375
1 0.31328125 0.48515625 0.0546875 0.153125
1 0.3890625 0.48359375 0.046875 0.1546875
1 0.4734375 0.48046875 0.053125 0.1625
1 0.5515625 0.42109375 0.0328125 0.053125
1 0.67109375 0.475 0.0578125 0.171875
1 0.78671875 0.46328125 0.078125 0.178125
1 0.91875 0.45625 0.0859375 0.1796875
1 0.2421875 0.48984375 0.05 0.1515625