0 0.06484375 0.55390625 0.0578125 0.3046875
0 0.13515625 0.54453125 0.0453125 0.271875
0 0.196875 0.51875 0.040625 0.259375
0 0.228125 0.546875 0.0359375 0.2703125
0 0.32109375 0.54921875 0.05625 0.2875
0 0.3671875 0.5453125 0.0421875 0.2515625
0 0.434375 0.53125 0.053125 0.325
0 0.52578125 0.53984375 0.0515625 0.2984375
0 0.56875 0.58828125 0.0875 0.390625
0 0.653125 0.5828125 0.0625 0.309375
0 0.76640625 0.58359375 0.0765625 0.434375
0 0.8015625 0.571875 0.0640625 0.375
0 0.91484375 0.5875 0.071875 0.384375
1 0.31484375 0.47265625 0.0484375 0.153125
1 0.390625 0.4765625 0.040625 0.153125
1 0.47421875 0.478125 0.0484375 0.1609375
1 0.55703125 0.425 0.03125 0.0515625
1 0.671875 0.48671875 0.0515625 0.171875
1 0.78828125 0.4828125 0.071875 0.1765625
1 0.9203125 0.48515625 0.0796875 0.178125
1 0.24375 0.471875 0.0453125 0.15