0 0.0375 0.54453125 0.04296875 0.315625
0 0.14296875 0.528125 0.0484375 0.26875
0 0.21796875 0.51796875 0.03671875 0.26171875
0 0.24765625 0.53671875 0.02109375 0.259375
0 0.271875 0.56171875 0.0375 0.34140625
0 0.29921875 0.440625 0.02109375 0.0703125
0 0.334375 0.55546875 0.05078125 0.28828125
0 0.37734375 0.45546875 0.0265625 0.0703125
0 0.4109375 0.5515625 0.04296875 0.35859375
0 0.45703125 0.53984375 0.03359375 0.3125
0 0.4984375 0.56953125 0.0453125 0.36171875
0 0.5546875 0.55078125 0.0484375 0.321875
0 0.62734375 0.6046875 0.05625 0.3390625
0 0.665625 0.57578125 0.05 0.3375
0 0.796875 0.48203125 0.07578125 0.20390625
0 0.83125 0.60859375 0.05234375 0.4125
0 0.92421875 0.59921875 0.0671875 0.38125
1 0.9328125 0.49453125 0.07109375 0.17578125
1 0.79453125 0.48984375 0.05703125 0.17890625
1 0.68046875 0.490625 0.0546875 0.178125
1 0.5765625 0.4765625 0.03671875 0.1421875
1 0.4828125 0.46953125 0.03984375 0.14296875
1 0.40078125 0.47265625 0.03984375 0.14765625
1 0.3328125 0.47734375 0.04140625 0.15078125