1 0.128125 0.4953125 0.0484375 0.0453125
1 0.21015625 0.52734375 0.075 0.1640625
1 0.28671875 0.50859375 0.084375 0.178125
1 0.37578125 0.48828125 0.0921875 0.1796875
1 0.46875 0.4609375 0.0890625 0.1875
1 0.56640625 0.42734375 0.0921875 0.196875
1 0.83515625 0.359375 0.13125 0.2515625
0 0.85546875 0.4625 0.2125 0.4953125
0 0.709375 0.4984375 0.165625 0.4171875
0 0.62890625 0.53125 0.175 0.45625
0 0.546875 0.51640625 0.146875 0.4046875
0 0.35078125 0.559375 0.1484375 0.36875
0 0.2640625 0.59609375 0.1234375 0.3125
0 0.20703125 0.6125 0.1125 0.2921875
0 0.1546875 0.63359375 0.121875 0.2921875
0 0.0875 0.6296875 0.125 0.3109375
1 0.690625 0.4 0.1296875 0.2296875