1 0.4125 0.48828125 0.0859375 0.1984375
1 0.68984375 0.528125 0.071875 0.1578125
1 0.76640625 0.5390625 0.065625 0.1546875
1 0.834375 0.5515625 0.059375 0.1453125
1 0.1578125 0.4390625 0.1125 0.2140625
1 0.29296875 0.46796875 0.1078125 0.221875
0 0.0765625 0.559375 0.153125 0.496875
0 0.14375 0.5265625 0.1640625 0.4328125
0 0.26328125 0.55703125 0.1078125 0.365625
0 0.2859375 0.57890625 0.1234375 0.403125
0 0.3171875 0.63515625 0.165625 0.4671875
0 0.40078125 0.58203125 0.1015625 0.3359375
0 0.4328125 0.61015625 0.13125 0.3734375
0 0.47890625 0.640625 0.1453125 0.434375
0 0.5234375 0.67578125 0.16875 0.53125
0 0.58359375 0.59609375 0.1265625 0.403125
0 0.62578125 0.5875 0.115625 0.31875
0 0.72734375 0.4828125 0.03125 0.0578125
0 0.7234375 0.62890625 0.1265625 0.365625
0 0.7640625 0.640625 0.0953125 0.29375
0 0.80859375 0.51953125 0.0703125 0.1484375
0 0.85078125 0.61484375 0.0953125 0.2765625
0 0.89375 0.653125 0.1140625 0.3125