0 0.08359375 0.684375 0.103125 0.3453125
0 0.15 0.65546875 0.1125 0.31875
0 0.20546875 0.69140625 0.0953125 0.353125
0 0.23203125 0.6734375 0.078125 0.325
0 0.26015625 0.65234375 0.075 0.30625
0 0.31328125 0.68359375 0.1 0.403125
0 0.359375 0.659375 0.0859375 0.3328125
0 0.390625 0.62578125 0.0796875 0.265625
0 0.4734375 0.62421875 0.103125 0.3875
0 0.61640625 0.675 0.1078125 0.371875
0 0.54765625 0.5171875 0.059375 0.1484375
0 0.5796875 0.4703125 0.046875 0.078125
0 0.7109375 0.6125 0.09375 0.3296875
0 0.67421875 0.5828125 0.08125 0.3046875
0 0.7875 0.57109375 0.096875 0.33125
0 0.8484375 0.59609375 0.1140625 0.421875
0 0.9078125 0.6390625 0.146875 0.4640625
0 0.95703125 0.578125 0.0859375 0.384375
1 0.3140625 0.56171875 0.0640625 0.15625
1 0.4 0.55 0.0640625 0.15625
1 0.48125 0.5375 0.06875 0.146875
1 0.571875 0.51484375 0.071875 0.1390625
1 0.6671875 0.50078125 0.0703125 0.14375
1 0.77109375 0.49375 0.065625 0.1359375
1 0.86953125 0.4796875 0.0734375 0.1390625
1 0.23046875 0.5765625 0.06875 0.159375