0 0.95703125 0.528125 0.0859375 0.38125
0 0.86171875 0.5453125 0.109375 0.4046875
0 0.890625 0.5546875 0.1703125 0.453125
0 0.81328125 0.53828125 0.103125 0.346875
0 0.72265625 0.53359375 0.1171875 0.3640625
0 0.66796875 0.56484375 0.0984375 0.3234375
0 0.56875 0.64765625 0.1703125 0.5109375
0 0.5703125 0.4453125 0.06875 0.1203125
0 0.45703125 0.57265625 0.1203125 0.371875
0 0.39921875 0.6203125 0.146875 0.478125
0 0.34140625 0.56953125 0.0828125 0.2578125
0 0.31171875 0.625 0.109375 0.3140625
0 0.2421875 0.46484375 0.04375 0.0734375
0 0.24453125 0.63515625 0.1296875 0.4359375
0 0.140625 0.49296875 0.05 0.084375
0 0.1859375 0.63984375 0.103125 0.3296875
0 0.0796875 0.62421875 0.0875 0.290625
0 0.1203125 0.66953125 0.1359375 0.4109375
1 0.18984375 0.53359375 0.075 0.171875
1 0.2828125 0.521875 0.0796875 0.1734375
1 0.37265625 0.51015625 0.0796875 0.178125
1 0.46796875 0.49765625 0.078125 0.1703125
1 0.5703125 0.4796875 0.08125 0.1703125
1 0.66328125 0.40703125 0.05 0.059375
1 0.78828125 0.3921875 0.071875 0.0671875
1 0.91640625 0.38203125 0.0625 0.0734375