1 0.203125 0.53046875 0.090625 0.165625
1 0.29921875 0.5046875 0.08125 0.159375
1 0.37890625 0.475 0.0765625 0.153125
1 0.471875 0.45078125 0.0890625 0.153125
1 0.56875 0.42578125 0.078125 0.1421875
1 0.66640625 0.40390625 0.0890625 0.1703125
1 0.76484375 0.384375 0.078125 0.1625
1 0.8734375 0.3546875 0.0890625 0.16875
0 0.09296875 0.64609375 0.1203125 0.3046875
0 0.14921875 0.6296875 0.1375 0.334375
0 0.22109375 0.61015625 0.1671875 0.3796875
0 0.29765625 0.58125 0.115625 0.284375
0 0.37890625 0.55234375 0.121875 0.3046875
0 0.42890625 0.5609375 0.159375 0.4015625
0 0.54375 0.55703125 0.128125 0.3375
0 0.58984375 0.49921875 0.1375 0.3171875
0 0.69453125 0.49140625 0.128125 0.3015625
0 0.78125 0.47421875 0.1375 0.33125
0 0.809375 0.4328125 0.128125 0.31875
0 0.91328125 0.434375 0.134375 0.30625