0 0.0625 0.60859375 0.1046875 0.303125
0 0.1078125 0.56328125 0.1109375 0.31875
0 0.20859375 0.578125 0.096875 0.29375
0 0.171875 0.465625 0.08125 0.1359375
0 0.27578125 0.55390625 0.125 0.359375
0 0.396875 0.70390625 0.21875 0.5921875
0 0.33984375 0.41328125 0.0921875 0.15
0 0.44765625 0.51796875 0.0984375 0.3203125
0 0.52734375 0.5578125 0.1046875 0.315625
0 0.55859375 0.5078125 0.1 0.325
0 0.63828125 0.53359375 0.128125 0.4078125
0 0.6671875 0.5109375 0.1140625 0.34375
0 0.821875 0.5203125 0.15 0.409375
0 0.95078125 0.4765625 0.0984375 0.384375
0 0.78828125 0.42734375 0.134375 0.3
1 0.93203125 0.371875 0.1109375 0.209375
1 0.7921875 0.3921875 0.1046875 0.19375
1 0.6703125 0.415625 0.090625 0.1890625
1 0.559375 0.43046875 0.084375 0.18125
1 0.46015625 0.43984375 0.0796875 0.171875
1 0.375 0.4546875 0.0796875 0.1703125
1 0.29609375 0.45390625 0.0625 0.1359375
1 0.21875 0.475 0.0609375 0.1484375