1 0.165625 0.40859375 0.078125 0.159375
1 0.24453125 0.4328125 0.08125 0.159375
1 0.3265625 0.45703125 0.08125 0.16875
1 0.50546875 0.51171875 0.09375 0.1859375
0 0.04765625 0.45859375 0.0953125 0.3359375
0 0.103125 0.4671875 0.1203125 0.2734375
0 0.18046875 0.4859375 0.128125 0.3203125
0 0.27109375 0.51484375 0.1203125 0.3234375
0 0.3546875 0.52578125 0.1484375 0.3734375
0 0.415625 0.590625 0.175 0.4171875
0 0.46171875 0.58515625 0.13125 0.346875
0 0.53515625 0.60703125 0.1296875 0.334375
0 0.5890625 0.6296875 0.1359375 0.346875
0 0.63515625 0.64609375 0.175 0.3984375
0 0.7078125 0.70703125 0.19375 0.428125
0 0.86484375 0.54609375 0.0796875 0.1265625
0 0.84140625 0.759375 0.2046875 0.4765625
1 0.8625 0.603125 0.128125 0.2109375
1 0.4125 0.475 0.0984375 0.18125
1 0.61015625 0.5453125 0.1109375 0.2125
1 0.73046875 0.57265625 0.115625 0.209375