0 0.0671875 0.57578125 0.05625 0.2515625
0 0.11015625 0.5640625 0.065625 0.2875
0 0.1984375 0.559375 0.0703125 0.3015625
0 0.28515625 0.56796875 0.075 0.30625
0 0.375 0.59453125 0.0890625 0.4109375
0 0.490625 0.5734375 0.075 0.315625
0 0.590625 0.58671875 0.0671875 0.315625
0 0.70078125 0.56953125 0.078125 0.3625
0 0.75859375 0.57734375 0.09375 0.4
0 0.85390625 0.56171875 0.1015625 0.4
1 0.15 0.50234375 0.05625 0.1546875
1 0.23359375 0.50078125 0.0484375 0.165625
1 0.315625 0.5015625 0.05 0.1640625
1 0.40078125 0.49765625 0.0671875 0.1703125
1 0.50078125 0.49453125 0.0609375 0.16875
1 0.6015625 0.4921875 0.06875 0.175
1 0.7171875 0.48359375 0.0671875 0.1671875
1 0.83984375 0.47890625 0.075 0.171875