0 0.05 0.5234375 0.04765625 0.3
0 0.103125 0.4875 0.05234375 0.31484375
0 0.19921875 0.52109375 0.04140625 0.29140625
0 0.184375 0.40390625 0.0578125 0.1265625
0 0.26953125 0.51015625 0.0578125 0.35546875
0 0.3578125 0.68984375 0.10625 0.6015625
0 0.359375 0.384375 0.06640625 0.13984375
0 0.4453125 0.5078125 0.0390625 0.31796875
0 0.515625 0.56171875 0.04609375 0.31328125
0 0.55625 0.51875 0.0390625 0.3234375
0 0.6296875 0.559375 0.0515625 0.4046875
0 0.66171875 0.5421875 0.05 0.340625
0 0.8125 0.58125 0.07421875 0.40234375
0 0.9609375 0.565625 0.053125 0.38046875
0 0.796875 0.48359375 0.08046875 0.28984375
1 0.9484375 0.45625 0.07421875 0.1984375
1 0.80703125 0.45 0.071875 0.1828125
1 0.68359375 0.45 0.05703125 0.18203125
1 0.571875 0.44296875 0.05234375 0.175
1 0.47265625 0.43359375 0.04921875 0.165625
1 0.3859375 0.43203125 0.04921875 0.16328125
1 0.30859375 0.415625 0.0390625 0.13046875
1 0.22890625 0.421875 0.034375 0.14375