1 0.15703125 0.55234375 0.0625 0.159375
1 0.2390625 0.54296875 0.065625 0.1578125
1 0.3234375 0.53125 0.065625 0.16875
1 0.51015625 0.50859375 0.0765625 0.1859375
0 0.0515625 0.6546875 0.103125 0.3375
0 0.1234375 0.63125 0.09375 0.275
0 0.20234375 0.6171875 0.096875 0.3234375
0 0.296875 0.60625 0.0875 0.3265625
0 0.378125 0.5828125 0.1109375 0.3765625
0 0.46015625 0.6171875 0.134375 0.41875
0 0.5 0.59375 0.0953125 0.35
0 0.57578125 0.58359375 0.096875 0.3375
0 0.634375 0.58203125 0.1015625 0.35
0 0.68359375 0.57890625 0.1375 0.3984375
0 0.7734375 0.6046875 0.1515625 0.428125
0 0.8515625 0.39375 0.06875 0.1234375
0 0.9171875 0.5984375 0.1578125 0.478125
1 0.87265625 0.446875 0.109375 0.2078125
1 0.41015625 0.5125 0.08125 0.1796875
1 0.61875 0.496875 0.090625 0.2109375
1 0.73984375 0.47265625 0.096875 0.20625