1 0.22890625 0.465625 0.0359375 0.14375
1 0.3078125 0.4703125 0.04296875 0.14140625
1 0.46796875 0.47734375 0.0453125 0.1609375
1 0.559375 0.47578125 0.04921875 0.159375
1 0.6671875 0.46484375 0.04296875 0.1421875
1 0.7765625 0.4734375 0.0453125 0.1671875
1 0.89296875 0.48671875 0.05703125 0.1859375
0 0.190625 0.528125 0.04453125 0.2734375
0 0.2734375 0.5390625 0.0359375 0.2578125
0 0.346875 0.5296875 0.03046875 0.30546875
0 0.38671875 0.5546875 0.05859375 0.37578125
0 0.44453125 0.54296875 0.034375 0.275
0 0.49296875 0.58203125 0.0515625 0.3203125
0 0.54296875 0.54140625 0.05703125 0.309375
0 0.64140625 0.5609375 0.0421875 0.303125
0 0.72265625 0.571875 0.0609375 0.35234375
0 0.771875 0.5546875 0.0625 0.35234375
0 0.89765625 0.575 0.06171875 0.33828125