1 0.246875 0.396875 0.071875 0.1484375
1 0.321875 0.421875 0.078125 0.1484375
1 0.475 0.46953125 0.0859375 0.1671875
1 0.56328125 0.4921875 0.0890625 0.1671875
1 0.6703125 0.509375 0.078125 0.1484375
1 0.77421875 0.54609375 0.0875 0.1734375
1 0.8828125 0.5890625 0.103125 0.19375
0 0.19375 0.446875 0.1140625 0.275
0 0.27109375 0.47890625 0.1015625 0.2578125
0 0.34453125 0.4890625 0.1078125 0.303125
0 0.3765625 0.5234375 0.153125 0.378125
0 0.43515625 0.52734375 0.1046875 0.275
0 0.471875 0.57734375 0.1328125 0.3234375
0 0.53046875 0.55078125 0.1359375 0.3140625
0 0.62109375 0.5953125 0.11875 0.303125
0 0.69609375 0.62734375 0.15 0.35625
0 0.7484375 0.6234375 0.1515625 0.35625
0 0.86484375 0.675 0.146875 0.3421875