0 0.025 0.53125 0.03046875 0.27890625
0 0.06171875 0.52734375 0.05 0.30703125
0 0.17109375 0.54140625 0.03046875 0.29296875
0 0.21328125 0.55546875 0.0640625 0.38671875
0 0.278125 0.54296875 0.03203125 0.3125
0 0.31171875 0.5796875 0.0453125 0.37890625
0 0.3765625 0.5453125 0.05078125 0.36171875
0 0.45546875 0.6 0.0765625 0.45625
0 0.45078125 0.3953125 0.0453125 0.08984375
0 0.5140625 0.59375 0.0359375 0.3609375
0 0.60390625 0.6109375 0.05703125 0.38828125
0 0.628125 0.48828125 0.04453125 0.2390625
0 0.74296875 0.6078125 0.07421875 0.43828125
0 0.9421875 0.61171875 0.08203125 0.51640625
0 0.884375 0.434375 0.03984375 0.13984375
1 0.121875 0.45859375 0.04921875 0.1625
1 0.2125 0.45859375 0.05390625 0.15390625
1 0.4046875 0.46015625 0.05390625 0.153125
1 0.51328125 0.4703125 0.0546875 0.1671875
1 0.62109375 0.47109375 0.06171875 0.165625
1 0.7453125 0.48359375 0.06171875 0.17734375
1 0.87421875 0.4875 0.0515625 0.19453125