0 0.0515625 0.546875 0.0640625 0.3015625
0 0.103125 0.50859375 0.06875 0.3171875
0 0.20078125 0.53671875 0.05625 0.29375
0 0.1796875 0.4203125 0.0640625 0.1296875
0 0.2703125 0.521875 0.0765625 0.3578125
0 0.36796875 0.696875 0.1375 0.60625
0 0.35390625 0.3921875 0.0734375 0.14375
0 0.44609375 0.5109375 0.05625 0.3203125
0 0.51875 0.5609375 0.0625 0.315625
0 0.55703125 0.515625 0.05625 0.325
0 0.6328125 0.55234375 0.0734375 0.40625
0 0.6640625 0.53359375 0.0671875 0.3421875
0 0.81640625 0.56484375 0.0953125 0.40625
0 0.96328125 0.54140625 0.0734375 0.3828125
0 0.7953125 0.46796875 0.0953125 0.29375
1 0.9453125 0.4328125 0.084375 0.2015625
1 0.80390625 0.434375 0.08125 0.1859375
1 0.68046875 0.440625 0.0671875 0.184375
1 0.56875 0.4390625 0.0609375 0.178125
1 0.46953125 0.43515625 0.0578125 0.16875
1 0.3828125 0.43828125 0.0578125 0.165625
1 0.3046875 0.42578125 0.0453125 0.1328125
1 0.225 0.4359375 0.0421875 0.1453125