0 0.06640625 0.51015625 0.1265625 0.409375
0 0.12265625 0.47734375 0.0859375 0.3
0 0.2046875 0.49765625 0.0859375 0.3015625
0 0.290625 0.5140625 0.084375 0.30625
0 0.3421875 0.5421875 0.10625 0.353125
0 0.38984375 0.54140625 0.075 0.3015625
0 0.434375 0.5859375 0.1046875 0.353125
0 0.490625 0.55859375 0.090625 0.3109375
0 0.5671875 0.59453125 0.134375 0.39375
0 0.6109375 0.4859375 0.0484375 0.09375
0 0.69609375 0.596875 0.10625 0.3546875
0 0.75078125 0.6140625 0.1140625 0.390625
0 0.853125 0.47578125 0.0640625 0.1109375
0 0.8671875 0.525 0.0984375 0.178125
0 0.91484375 0.715625 0.1703125 0.56875
1 0.16953125 0.42578125 0.0625 0.153125
1 0.2546875 0.44375 0.0609375 0.1625
1 0.334375 0.45078125 0.0640625 0.159375
1 0.4171875 0.46796875 0.0703125 0.1578125
1 0.51171875 0.48828125 0.0734375 0.171875
1 0.61640625 0.50546875 0.075 0.1796875
1 0.728125 0.5234375 0.0890625 0.1859375
1 0.846875 0.5375 0.0890625 0.1890625