1 0.184375 0.46015625 0.053125 0.1453125
1 0.53984375 0.47421875 0.0515625 0.140625
1 0.81796875 0.4796875 0.053125 0.1546875
0 0.07109375 0.53359375 0.0734375 0.284375
0 0.14609375 0.5234375 0.06875 0.2828125
0 0.25546875 0.5203125 0.0734375 0.271875
0 0.32109375 0.534375 0.0609375 0.3328125
0 0.35390625 0.53359375 0.05 0.2609375
0 0.434375 0.53125 0.053125 0.2921875
0 0.46953125 0.54609375 0.0734375 0.3390625
0 0.5328125 0.546875 0.0515625 0.2515625
0 0.6203125 0.53125 0.0515625 0.2875
0 0.6609375 0.5734375 0.0640625 0.3203125
0 0.72421875 0.53828125 0.0515625 0.284375
0 0.759375 0.5578125 0.0609375 0.325
0 0.8359375 0.55546875 0.0625 0.2625
0 0.88203125 0.55390625 0.0765625 0.34375
1 0.26875 0.4625 0.065625 0.146875
1 0.36171875 0.46796875 0.053125 0.14375
1 0.446875 0.4671875 0.05625 0.146875
1 0.6296875 0.471875 0.053125 0.146875
1 0.721875 0.47890625 0.05625 0.1484375