1 0.1828125 0.4765625 0.0453125 0.14296875
1 0.53828125 0.471875 0.04453125 0.1390625
1 0.81640625 0.46328125 0.0453125 0.15234375
0 0.0734375 0.55625 0.059375 0.28203125
0 0.14765625 0.5421875 0.0546875 0.28046875
0 0.25703125 0.5328125 0.059375 0.26875
0 0.3234375 0.54375 0.04375 0.33046875
0 0.35625 0.54140625 0.0359375 0.259375
0 0.4359375 0.534375 0.03828125 0.28984375
0 0.471875 0.54765625 0.05546875 0.33671875
0 0.53515625 0.5453125 0.03828125 0.24921875
0 0.621875 0.525 0.0359375 0.28671875
0 0.66484375 0.56484375 0.046875 0.31875
0 0.72578125 0.5265625 0.0375 0.2828125
0 0.76171875 0.54453125 0.04453125 0.3234375
0 0.83828125 0.5375 0.04921875 0.2609375
0 0.884375 0.53359375 0.05859375 0.34140625
1 0.2671875 0.475 0.0578125 0.14375
1 0.36015625 0.475 0.0453125 0.1421875
1 0.4453125 0.4703125 0.0484375 0.1453125
1 0.628125 0.46484375 0.0453125 0.14453125
1 0.7203125 0.4671875 0.04921875 0.1453125