0 0.0359375 0.60546875 0.071875 0.2796875
0 0.07109375 0.5953125 0.096875 0.3109375
0 0.18125 0.5921875 0.0765625 0.29375
0 0.22578125 0.6 0.1234375 0.3921875
0 0.2875 0.57734375 0.08125 0.3140625
0 0.3265625 0.6078125 0.1046875 0.38125
0 0.38515625 0.5640625 0.10625 0.365625
0 0.471875 0.60546875 0.146875 0.4625
0 0.43515625 0.4046875 0.059375 0.0953125
0 0.52890625 0.590625 0.0921875 0.3625
0 0.6203125 0.59296875 0.1171875 0.3921875
0 0.625 0.46875 0.08125 0.24375
0 0.75703125 0.56875 0.1421875 0.44375
0 0.9359375 0.54140625 0.128125 0.5234375
0 0.86953125 0.375 0.0609375 0.14375
1 0.1203125 0.51796875 0.0734375 0.16875
1 0.209375 0.50390625 0.0765625 0.1609375
1 0.4 0.47578125 0.0765625 0.159375
1 0.50859375 0.46875 0.0796875 0.1734375
1 0.61484375 0.45234375 0.0875 0.1734375
1 0.73984375 0.4453125 0.0890625 0.184375
1 0.86796875 0.42890625 0.08125 0.2