0 0.0609375 0.49921875 0.0640625 0.253125
0 0.1046875 0.4953125 0.075 0.2890625
0 0.19296875 0.50625 0.08125 0.3015625
0 0.2765625 0.5296875 0.0859375 0.3078125
0 0.36015625 0.571875 0.103125 0.4125
0 0.47734375 0.57109375 0.0859375 0.3171875
0 0.57421875 0.6015625 0.078125 0.315625
0 0.68515625 0.60390625 0.090625 0.3640625
0 0.740625 0.62109375 0.10625 0.4015625
0 0.8375 0.621875 0.115625 0.4015625
1 0.1546875 0.44140625 0.0625 0.15625
1 0.2375 0.4546875 0.053125 0.1671875
1 0.31796875 0.46953125 0.0546875 0.1640625
1 0.403125 0.48046875 0.0734375 0.171875
1 0.5015625 0.49453125 0.065625 0.1703125
1 0.60078125 0.51015625 0.0734375 0.1765625
1 0.7171875 0.52109375 0.071875 0.16875
1 0.83828125 0.53828125 0.08125 0.1734375