0 0.07578125 0.4640625 0.1515625 0.409375
0 0.12734375 0.4375 0.115625 0.2984375
0 0.20625 0.4671875 0.115625 0.3
0 0.290625 0.4921875 0.115625 0.3046875
0 0.3390625 0.52578125 0.140625 0.3515625
0 0.38671875 0.5296875 0.1046875 0.2984375
0 0.42578125 0.57890625 0.1390625 0.353125
0 0.48515625 0.5578125 0.1203125 0.3109375
0 0.55703125 0.60078125 0.171875 0.39375
0 0.61171875 0.49765625 0.05625 0.0953125
0 0.68515625 0.6171875 0.140625 0.353125
0 0.7375 0.63984375 0.153125 0.3890625
0 0.85390625 0.5125 0.0734375 0.1140625
0 0.8625 0.56328125 0.1140625 0.1828125
0 0.88515625 0.7375 0.2296875 0.525
1 0.17890625 0.3921875 0.078125 0.1546875
1 0.26171875 0.41796875 0.0765625 0.1640625
1 0.33984375 0.43359375 0.0796875 0.1609375
1 0.42109375 0.459375 0.0859375 0.159375
1 0.51328125 0.48984375 0.0890625 0.1734375
1 0.61484375 0.5171875 0.0921875 0.18125
1 0.72421875 0.546875 0.10625 0.1890625
1 0.840625 0.5734375 0.10625 0.1921875