1 0.18359375 0.47109375 0.0484375 0.14375
1 0.5390625 0.47265625 0.046875 0.1390625
1 0.8171875 0.46875 0.0484375 0.153125
0 0.07265625 0.5484375 0.0640625 0.2828125
0 0.146875 0.5359375 0.059375 0.28125
0 0.25625 0.52890625 0.0640625 0.2703125
0 0.32265625 0.540625 0.05 0.33125
0 0.35546875 0.5390625 0.040625 0.259375
0 0.43515625 0.53359375 0.04375 0.290625
0 0.47109375 0.546875 0.0609375 0.3375
0 0.534375 0.54609375 0.0421875 0.25
0 0.62109375 0.52734375 0.040625 0.2875
0 0.6640625 0.56796875 0.053125 0.31875
0 0.725 0.53046875 0.0421875 0.2828125
0 0.7609375 0.54921875 0.05 0.3234375
0 0.8375 0.54375 0.053125 0.2625
0 0.88359375 0.540625 0.0640625 0.3421875
1 0.26796875 0.47109375 0.0609375 0.1453125
1 0.3609375 0.47265625 0.0484375 0.1421875
1 0.44609375 0.46953125 0.0515625 0.146875
1 0.62890625 0.4671875 0.0484375 0.1453125
1 0.72109375 0.47109375 0.0515625 0.146875