0 0.1328125 0.6890625 0.13125 0.45625
0 0.2046875 0.684375 0.171875 0.5171875
0 0.3234375 0.6953125 0.215625 0.609375
0 0.3140625 0.44765625 0.0640625 0.0890625
0 0.48359375 0.678125 0.1984375 0.64375
0 0.5625 0.6203125 0.15 0.5078125
0 0.5703125 0.43984375 0.071875 0.16875
0 0.65 0.51640625 0.1125 0.3265625
0 0.74453125 0.5109375 0.115625 0.3796875
0 0.84296875 0.47109375 0.1078125 0.315625
0 0.92578125 0.453125 0.0984375 0.2921875
1 0.09375 0.5796875 0.1171875 0.2546875
1 0.28046875 0.5359375 0.1015625 0.225
1 0.4125 0.496875 0.0921875 0.1859375
1 0.5234375 0.4796875 0.08125 0.18125
1 0.590625 0.4359375 0.0515625 0.1171875