1 0.275 0.45078125 0.08125 0.1703125
1 0.4203125 0.4296875 0.08125 0.1796875
0 0.1515625 0.584375 0.19375 0.5140625
1 0.12421875 0.47265625 0.08125 0.1671875
0 0.0875 0.5640625 0.10625 0.309375
0 0.2 0.55390625 0.1265625 0.340625
0 0.278125 0.53046875 0.13125 0.34375
0 0.384375 0.5109375 0.134375 0.3375
0 0.43359375 0.4984375 0.1125 0.3078125
0 0.59296875 0.48203125 0.121875 0.3296875
0 0.759375 0.4390625 0.1359375 0.3734375
1 0.584375 0.403125 0.0796875 0.1859375
1 0.746875 0.36640625 0.0859375 0.1734375