0 0.171875 0.55625 0.1234375 0.3921875
0 0.225 0.56484375 0.1640625 0.4546875
0 0.38203125 0.5765625 0.1296875 0.3765625
0 0.43203125 0.4078125 0.078125 0.1015625
0 0.48359375 0.60390625 0.1625 0.4234375
0 0.62421875 0.57265625 0.1078125 0.3359375
0 0.7078125 0.6203125 0.10625 0.3265625
0 0.7484375 0.61875 0.1 0.2765625
1 0.17734375 0.44296875 0.109375 0.2234375
1 0.34921875 0.4671875 0.0953125 0.20625
1 0.478125 0.48828125 0.0875 0.1859375
1 0.590625 0.50546875 0.075 0.1671875
1 0.68671875 0.5203125 0.0640625 0.153125