0 0.20546875 0.6765625 0.1 0.496875
0 0.3359375 0.69453125 0.1078125 0.54375
0 0.38828125 0.63515625 0.0984375 0.459375
0 0.71328125 0.6359375 0.0828125 0.403125
0 0.765625 0.66171875 0.10625 0.446875
0 0.615625 0.628125 0.0890625 0.3640625
0 0.559375 0.68046875 0.0890625 0.4921875
0 0.453125 0.65234375 0.071875 0.3953125
0 0.5109375 0.48515625 0.059375 0.0828125
0 0.4890625 0.68515625 0.103125 0.4328125
1 0.146875 0.54296875 0.09375 0.2796875
1 0.3171875 0.5421875 0.0828125 0.240625
1 0.43828125 0.540625 0.0671875 0.215625
1 0.55859375 0.54296875 0.0578125 0.1953125
1 0.63671875 0.54296875 0.05 0.175