0 0.17421875 0.64296875 0.053125 0.39765625
0 0.26953125 0.65234375 0.0578125 0.453125
0 0.33515625 0.48125 0.0359375 0.0921875
0 0.36171875 0.678125 0.04765625 0.5078125
0 0.41796875 0.715625 0.0640625 0.50703125
0 0.4109375 0.45546875 0.04453125 0.06328125
0 0.50703125 0.62578125 0.05078125 0.396875
0 0.54296875 0.4703125 0.028125 0.0859375
0 0.5984375 0.5515625 0.0328125 0.2609375
0 0.65390625 0.57421875 0.0359375 0.275
0 0.70625 0.58828125 0.05390625 0.3203125
0 0.76484375 0.496875 0.03125 0.13984375
0 0.79140625 0.63359375 0.046875 0.396875
0 0.82109375 0.55625 0.046875 0.27734375
1 0.12734375 0.54140625 0.06328125 0.2203125
1 0.28671875 0.53125 0.0453125 0.18203125
1 0.48828125 0.51875 0.034375 0.14140625
1 0.55546875 0.5125 0.034375 0.1328125