0 0.16484375 0.61953125 0.08125 0.4
0 0.259375 0.6359375 0.0890625 0.45625
0 0.33671875 0.46953125 0.0421875 0.09375
0 0.35 0.66796875 0.0828125 0.509375
0 0.403125 0.709375 0.1 0.5109375
0 0.4140625 0.44921875 0.0484375 0.065625
0 0.4984375 0.62578125 0.078125 0.4
0 0.5453125 0.4734375 0.034375 0.0875
0 0.59453125 0.55859375 0.0515625 0.2625
0 0.6484375 0.58515625 0.0546875 0.2765625
0 0.69921875 0.60234375 0.0765625 0.3234375
0 0.7640625 0.515625 0.040625 0.1421875
0 0.78125 0.65390625 0.075 0.3984375
0 0.81640625 0.578125 0.065625 0.2796875
1 0.125 0.515625 0.078125 0.2234375
1 0.28515625 0.51640625 0.0578125 0.184375
1 0.48671875 0.51796875 0.04375 0.14375
1 0.5546875 0.51640625 0.04375 0.134375