0 0.24765625 0.71171875 0.1578125 0.5234375
0 0.30859375 0.67265625 0.1484375 0.503125
0 0.4515625 0.66796875 0.21875 0.6640625
0 0.559375 0.59921875 0.1671875 0.446875
0 0.65546875 0.50703125 0.134375 0.34375
0 0.69921875 0.51328125 0.09375 0.2984375
0 0.746875 0.478125 0.084375 0.259375
0 0.8 0.4984375 0.128125 0.365625
0 0.89296875 0.43671875 0.1140625 0.325
0 0.946875 0.4296875 0.10625 0.34375
1 0.20078125 0.5828125 0.1328125 0.2921875
1 0.38515625 0.51953125 0.1 0.23125
1 0.5109375 0.4875 0.084375 0.215625
1 0.61328125 0.44921875 0.071875 0.175
1 0.6953125 0.4234375 0.0625 0.1578125