0 0.10546875 0.62265625 0.05390625 0.453125
0 0.17734375 0.63046875 0.084375 0.5109375
0 0.29140625 0.66640625 0.11171875 0.60859375
0 0.32578125 0.41640625 0.05 0.08125
0 0.453125 0.6765625 0.0875 0.646875
0 0.540625 0.6296875 0.06328125 0.50390625
0 0.5796875 0.453125 0.04375 0.1640625
0 0.64453125 0.5421875 0.05703125 0.321875
0 0.7390625 0.553125 0.05078125 0.3765625
0 0.84296875 0.53125 0.05390625 0.31171875
0 0.92734375 0.528125 0.04921875 0.28828125
1 0.0859375 0.5078125 0.07578125 0.2453125
1 0.27734375 0.496875 0.065625 0.2171875
1 0.4140625 0.48203125 0.06171875 0.17734375
1 0.5265625 0.484375 0.0515625 0.175
1 0.60078125 0.45234375 0.03203125 0.1140625