0 0.225 0.578125 0.1671875 0.409375
0 0.1625 0.5515625 0.14375 0.3765625
0 0.13828125 0.53359375 0.1078125 0.340625
0 0.321875 0.5578125 0.109375 0.2921875
0 0.3875 0.57734375 0.115625 0.303125
0 0.44375 0.5703125 0.0765625 0.24375
0 0.4703125 0.59921875 0.1421875 0.3828125
0 0.553125 0.55859375 0.084375 0.2640625
0 0.58046875 0.60390625 0.1171875 0.353125
0 0.6078125 0.5671875 0.0828125 0.2671875
0 0.64921875 0.48828125 0.040625 0.09375
0 0.65078125 0.57890625 0.115625 0.3234375
0 0.70546875 0.57734375 0.0921875 0.24375
1 0.15703125 0.46171875 0.0921875 0.1875
1 0.3078125 0.484375 0.0796875 0.184375
1 0.4296875 0.4875 0.0671875 0.1421875
1 0.53984375 0.5 0.0609375 0.13125
1 0.6265625 0.50859375 0.0578125 0.1234375