0 0.20703125 0.56484375 0.13125 0.4578125
0 0.296875 0.58046875 0.1390625 0.4859375
0 0.3671875 0.57421875 0.1015625 0.4015625
0 0.425 0.61484375 0.1359375 0.478125
0 0.49921875 0.57734375 0.1 0.353125
0 0.59140625 0.59765625 0.1078125 0.3734375
0 0.61484375 0.58203125 0.078125 0.284375
0 0.67734375 0.69296875 0.1125 0.415625
0 0.725 0.59375 0.0828125 0.309375
0 0.77890625 0.628125 0.103125 0.3609375
0 0.8703125 0.65078125 0.125 0.4140625
0 0.8984375 0.5984375 0.06875 0.2578125
0 0.80078125 0.565625 0.078125 0.284375
0 0.83046875 0.58203125 0.0453125 0.25625
1 0.33046875 0.46484375 0.08125 0.1828125
1 0.47890625 0.47734375 0.0671875 0.1578125
1 0.59609375 0.49609375 0.065625 0.1609375
1 0.69375 0.4984375 0.0578125 0.153125
1 0.77421875 0.50234375 0.05 0.13125