0 0.1625 0.46796875 0.1140625 0.140625
0 0.18828125 0.7265625 0.1671875 0.546875
0 0.28828125 0.68203125 0.1578125 0.5734375
0 0.41015625 0.67109375 0.2109375 0.6578125
0 0.40234375 0.41640625 0.0671875 0.0640625
0 0.50625 0.603125 0.1421875 0.5046875
0 0.58125 0.55703125 0.1171875 0.384375
0 0.73671875 0.571875 0.1671875 0.5734375
0 0.79921875 0.4859375 0.090625 0.325
0 0.87734375 0.49921875 0.1359375 0.4265625
1 0.74921875 0.43046875 0.0578125 0.1828125
1 0.6421875 0.44921875 0.0734375 0.1875
1 0.51171875 0.48203125 0.0859375 0.2109375
1 0.16015625 0.559375 0.1234375 0.2796875