0 0.18828125 0.61796875 0.05 0.3921875
0 0.2421875 0.615625 0.0796875 0.45
0 0.39921875 0.59765625 0.059375 0.375
0 0.415625 0.42265625 0.0625 0.0921875
0 0.50390625 0.6046875 0.084375 0.41875
0 0.6359375 0.54765625 0.0453125 0.3359375
0 0.7265625 0.578125 0.0453125 0.325
0 0.76640625 0.56953125 0.05 0.2734375
1 0.17265625 0.50546875 0.06875 0.215625
1 0.3453125 0.496875 0.059375 0.2
1 0.47578125 0.4921875 0.0546875 0.18125
1 0.58984375 0.48828125 0.0453125 0.1625
1 0.68671875 0.484375 0.0375 0.15