0 0.12265625 0.66640625 0.121875 0.4078125
0 0.15859375 0.6296875 0.1140625 0.378125
0 0.25 0.625 0.1671875 0.484375
0 0.33671875 0.6328125 0.165625 0.5390625
0 0.43203125 0.58046875 0.1265625 0.3796875
0 0.50234375 0.56171875 0.1265625 0.3765625
0 0.55 0.5078125 0.0921875 0.284375
0 0.61171875 0.49609375 0.0984375 0.3171875
0 0.6390625 0.46953125 0.08125 0.2640625
0 0.696875 0.409375 0.059375 0.140625
0 0.7421875 0.48515625 0.1109375 0.3265625
0 0.8140625 0.46640625 0.1421875 0.36875
0 0.85625 0.3734375 0.0765625 0.178125
0 0.9171875 0.471875 0.128125 0.3859375
1 0.49296875 0.453125 0.065625 0.146875
1 0.57734375 0.4390625 0.0578125 0.140625
1 0.384375 0.48203125 0.0765625 0.171875
1 0.26640625 0.49453125 0.0734375 0.165625
1 0.09765625 0.5328125 0.0921875 0.18125