0 0.1828125 0.6421875 0.08125 0.3734375
0 0.25859375 0.64765625 0.0859375 0.4
0 0.34453125 0.62109375 0.0578125 0.3296875
0 0.409375 0.63828125 0.0640625 0.2875
0 0.46484375 0.60078125 0.0671875 0.2765625
0 0.52265625 0.6109375 0.0609375 0.29375
0 0.57109375 0.58828125 0.046875 0.2640625
0 0.61640625 0.5890625 0.040625 0.2484375
0 0.684375 0.5890625 0.0453125 0.2703125
0 0.64609375 0.58203125 0.0328125 0.228125
0 0.74765625 0.58671875 0.0609375 0.3296875
1 0.1515625 0.55546875 0.0578125 0.196875
1 0.30703125 0.5421875 0.053125 0.1734375
1 0.421875 0.53203125 0.0453125 0.1578125
1 0.5265625 0.52109375 0.0390625 0.140625
1 0.61015625 0.51953125 0.0328125 0.134375