0 0.0875 0.5125 0.1421875 0.4546875
0 0.11953125 0.49609375 0.0984375 0.39375
0 0.2171875 0.54375 0.1171875 0.4921875
0 0.315625 0.4890625 0.0921875 0.3625
0 0.440625 0.51171875 0.1046875 0.4921875
0 0.48984375 0.50390625 0.0625 0.3421875
0 0.5375 0.50859375 0.0953125 0.3765625
0 0.6703125 0.484375 0.075 0.3375
0 0.7234375 0.48828125 0.0984375 0.4109375
0 0.83671875 0.49765625 0.06875 0.3125
0 0.88203125 0.50078125 0.090625 0.396875
1 0.1265625 0.4046875 0.084375 0.2234375
1 0.3234375 0.40078125 0.06875 0.18125
1 0.49765625 0.403125 0.0625 0.1828125
1 0.67734375 0.40390625 0.0671875 0.1765625
1 0.83515625 0.40625 0.0640625 0.184375