0 0.21484375 0.609375 0.13125 0.409375
0 0.146875 0.609375 0.1 0.325
0 0.34296875 0.55390625 0.0859375 0.309375
0 0.39375 0.55859375 0.11875 0.3671875
0 0.453125 0.534375 0.075 0.2609375
0 0.48984375 0.5234375 0.0859375 0.2734375
0 0.59296875 0.49296875 0.0703125 0.2546875
0 0.6828125 0.4796875 0.078125 0.2421875
1 0.1515625 0.503125 0.0734375 0.184375
1 0.31328125 0.478125 0.071875 0.165625
1 0.43359375 0.4640625 0.059375 0.15
1 0.546875 0.44296875 0.053125 0.1359375
1 0.63828125 0.42734375 0.0515625 0.1328125