0 0.09140625 0.46953125 0.1828125 0.4609375
0 0.121875 0.45703125 0.1375 0.3984375
0 0.2140625 0.5140625 0.1671875 0.4953125
0 0.31796875 0.46953125 0.128125 0.365625
0 0.43984375 0.50546875 0.1546875 0.4953125
0 0.4890625 0.503125 0.096875 0.3421875
0 0.5359375 0.51171875 0.134375 0.3796875
0 0.67109375 0.50234375 0.109375 0.3390625
0 0.7234375 0.51171875 0.1390625 0.4140625
0 0.83515625 0.5328125 0.1015625 0.3140625
0 0.8796875 0.540625 0.1296875 0.4
1 0.13828125 0.365625 0.10625 0.228125
1 0.33515625 0.3828125 0.0875 0.1859375
1 0.5078125 0.403125 0.08125 0.1859375
1 0.6859375 0.42265625 0.084375 0.18125
1 0.84296875 0.4421875 0.08125 0.1875