0 0.221875 0.7015625 0.05703125 0.49375
0 0.353125 0.7078125 0.0609375 0.53984375
0 0.40078125 0.64453125 0.059375 0.45625
0 0.72421875 0.6171875 0.0484375 0.40078125
0 0.77890625 0.63828125 0.0671875 0.4421875
0 0.6265625 0.6171875 0.05859375 0.3609375
0 0.575 0.67421875 0.046875 0.490625
0 0.46640625 0.65625 0.03828125 0.39375
0 0.509375 0.484375 0.05234375 0.07890625
0 0.50546875 0.68515625 0.06640625 0.428125
1 0.1515625 0.5734375 0.06953125 0.27421875
1 0.321875 0.5578125 0.06171875 0.23671875
1 0.4421875 0.54609375 0.04921875 0.21171875
1 0.56171875 0.5375 0.04140625 0.1921875
1 0.63984375 0.53125 0.034375 0.17265625