0 0.27578125 0.54140625 0.1140625 0.3421875
0 0.23671875 0.53515625 0.0859375 0.2890625
0 0.33125 0.56015625 0.090625 0.3296875
0 0.36953125 0.5328125 0.078125 0.2734375
0 0.49140625 0.53046875 0.078125 0.234375
0 0.5640625 0.6171875 0.090625 0.3296875
0 0.61328125 0.6171875 0.0796875 0.30625
0 0.70078125 0.540625 0.08125 0.2734375
0 0.54609375 0.5375 0.0734375 0.259375
0 0.596875 0.45546875 0.040625 0.084375
0 0.63046875 0.4578125 0.0484375 0.1078125
0 0.1234375 0.5609375 0.1125 0.3953125
0 0.07890625 0.55078125 0.0703125 0.328125
0 0.04296875 0.53671875 0.0859375 0.3140625
0 0.0109375 0.54453125 0.021875 0.3046875
1 0.0734375 0.44609375 0.0796875 0.178125
1 0.2390625 0.453125 0.0671875 0.153125
1 0.35625 0.459375 0.0578125 0.1421875
1 0.48046875 0.46796875 0.05 0.13125
1 0.57421875 0.47109375 0.05 0.125