0 0.07578125 0.55703125 0.05625 0.40703125
0 0.1453125 0.55703125 0.06484375 0.4296875
0 0.19921875 0.52890625 0.05859375 0.3078125
0 0.33828125 0.54453125 0.040625 0.28671875
0 0.39140625 0.5609375 0.05 0.328125
0 0.49140625 0.54921875 0.05078125 0.28203125
0 0.66328125 0.53828125 0.059375 0.3296875
1 0.22890625 0.4703125 0.04375 0.153125
1 0.36640625 0.47109375 0.04921875 0.1578125
1 0.49921875 0.4703125 0.0453125 0.16640625
1 0.66015625 0.47265625 0.0546875 0.18125
1 0.82109375 0.46796875 0.05234375 0.175