0 0.0640625 0.3859375 0.10625 0.328125
0 0.13046875 0.38984375 0.10625 0.31875
0 0.1984375 0.43359375 0.1203125 0.36875
0 0.2625 0.43125 0.096875 0.3046875
0 0.30546875 0.44765625 0.0875 0.271875
0 0.365625 0.45234375 0.1546875 0.4421875
0 0.41796875 0.4484375 0.1 0.309375
0 0.4703125 0.4609375 0.125 0.371875
0 0.6 0.51796875 0.1390625 0.3640625
0 0.665625 0.384375 0.05 0.096875
0 0.7109375 0.53984375 0.1359375 0.359375
0 0.79375 0.54765625 0.1328125 0.371875
1 0.1640625 0.3328125 0.0828125 0.178125
1 0.31640625 0.359375 0.0765625 0.175
1 0.46484375 0.3953125 0.0796875 0.178125
1 0.62421875 0.42734375 0.084375 0.178125
1 0.7859375 0.4640625 0.0828125 0.1859375