0 0.20078125 0.56328125 0.0890625 0.4
0 0.290625 0.5546875 0.0765625 0.384375
0 0.3421875 0.584375 0.0828125 0.4109375
0 0.3890625 0.54453125 0.0765625 0.3625
0 0.4765625 0.54765625 0.065625 0.384375
0 0.5203125 0.58203125 0.0765625 0.3890625
0 0.56015625 0.54296875 0.059375 0.3375
0 0.59921875 0.5359375 0.0578125 0.303125
0 0.66171875 0.54609375 0.08125 0.371875
0 0.75546875 0.53671875 0.05625 0.2953125
0 0.68828125 0.5375 0.05625 0.2890625
1 0.184375 0.459375 0.075 0.2140625
1 0.3421875 0.46171875 0.053125 0.1953125
1 0.45546875 0.459375 0.0515625 0.165625
1 0.5640625 0.45859375 0.0453125 0.1578125
1 0.65 0.4578125 0.05 0.153125