0 0.09765625 0.571875 0.1171875 0.3828125
0 0.13984375 0.53203125 0.084375 0.28125
0 0.1921875 0.559375 0.1296875 0.4078125
0 0.29140625 0.53203125 0.1078125 0.3171875
0 0.38671875 0.53984375 0.1234375 0.3703125
0 0.44453125 0.515625 0.10625 0.3265625
0 0.5546875 0.50859375 0.1234375 0.3859375
0 0.61640625 0.478125 0.1078125 0.3390625
1 0.7515625 0.40078125 0.0734375 0.1765625
1 0.59921875 0.4265625 0.078125 0.175
1 0.4375 0.4484375 0.078125 0.1734375
1 0.3125 0.46484375 0.0671875 0.1671875
1 0.1640625 0.49609375 0.06875 0.1796875