0 0.10625 0.6015625 0.078125 0.403125
0 0.1515625 0.56484375 0.0765625 0.340625
0 0.15078125 0.5359375 0.0765625 0.325
0 0.303125 0.5515625 0.053125 0.265625
0 0.3203125 0.56484375 0.059375 0.296875
0 0.43125 0.52890625 0.0578125 0.296875
0 0.4578125 0.5296875 0.05 0.2796875
0 0.57890625 0.5078125 0.046875 0.275
0 0.6109375 0.53828125 0.06875 0.271875
0 0.70234375 0.52578125 0.06875 0.26875
0 0.7421875 0.5359375 0.0625 0.3
1 0.15546875 0.47421875 0.046875 0.15625
1 0.30703125 0.4640625 0.046875 0.134375
1 0.4375 0.45234375 0.040625 0.1265625
1 0.565625 0.45703125 0.040625 0.13125
1 0.67890625 0.4515625 0.0375 0.13125