0 0.09765625 0.59140625 0.0453125 0.40703125
0 0.13984375 0.5625 0.04296875 0.3765625
0 0.23046875 0.575 0.07734375 0.47890625
0 0.3140625 0.59921875 0.0640625 0.5359375
0 0.41796875 0.56640625 0.05625 0.37578125
0 0.490625 0.5609375 0.05703125 0.371875
0 0.54765625 0.5171875 0.03984375 0.28203125
0 0.61015625 0.5171875 0.03984375 0.31484375
0 0.6421875 0.496875 0.03125 0.2625
0 0.7109375 0.4484375 0.03359375 0.13671875
0 0.740625 0.53203125 0.05078125 0.32265625
0 0.81484375 0.52734375 0.075 0.36171875
0 0.87421875 0.44375 0.04375 0.1734375
0 0.91484375 0.55234375 0.05625 0.38203125
1 0.50234375 0.45234375 0.03984375 0.14140625
1 0.5875 0.4546875 0.03203125 0.13671875
1 0.38984375 0.46015625 0.0453125 0.16640625
1 0.271875 0.45 0.04296875 0.16015625
1 0.0984375 0.45546875 0.06015625 0.17265625