0 0.178125 0.63125 0.08125 0.3734375
0 0.25390625 0.63984375 0.0859375 0.4
0 0.33984375 0.61484375 0.0578125 0.3296875
0 0.4046875 0.63515625 0.0640625 0.2875
0 0.46171875 0.59921875 0.0671875 0.2765625
0 0.51953125 0.6109375 0.0609375 0.29375
0 0.56796875 0.59140625 0.046875 0.2640625
0 0.61328125 0.59375 0.040625 0.2484375
0 0.68125 0.5953125 0.0453125 0.2703125
0 0.64296875 0.58671875 0.0328125 0.228125
0 0.74453125 0.5953125 0.0609375 0.3296875
1 0.15 0.54296875 0.0578125 0.196875
1 0.30546875 0.5359375 0.053125 0.1734375
1 0.4203125 0.52890625 0.0453125 0.1578125
1 0.5265625 0.52265625 0.0390625 0.140625
1 0.61015625 0.52265625 0.0328125 0.134375