0 0.7765625 0.46171875 0.03671875 0.2625
0 0.73984375 0.490625 0.04765625 0.36328125
0 0.56640625 0.48203125 0.03203125 0.25625
0 0.66171875 0.47109375 0.040625 0.20078125
0 0.6078125 0.47578125 0.02265625 0.1796875
0 0.62890625 0.4859375 0.03828125 0.27421875
0 0.19375 0.54765625 0.06796875 0.440625
0 0.225 0.42109375 0.06484375 0.12734375
0 0.359375 0.50546875 0.04296875 0.3078125
0 0.3078125 0.57578125 0.0625 0.4296875
0 0.43125 0.53515625 0.05234375 0.35234375
0 0.49140625 0.54609375 0.05859375 0.36953125
1 0.16015625 0.46171875 0.05390625 0.18671875
1 0.31953125 0.459375 0.0484375 0.1875
1 0.43125 0.45234375 0.04140625 0.17734375
1 0.53203125 0.43203125 0.02890625 0.1296875
1 0.60078125 0.4265625 0.03125 0.1140625