0 0.27109375 0.67109375 0.1609375 0.409375
0 0.203125 0.66875 0.1375 0.3765625
0 0.175 0.6609375 0.103125 0.3421875
0 0.35390625 0.61796875 0.1046875 0.2921875
0 0.4234375 0.6125 0.1109375 0.303125
0 0.47265625 0.5859375 0.071875 0.2453125
0 0.5078125 0.603125 0.1359375 0.3828125
0 0.5703125 0.5359375 0.0796875 0.2640625
0 0.6125 0.56796875 0.1109375 0.353125
0 0.625 0.52421875 0.078125 0.2671875
0 0.63515625 0.4359375 0.0390625 0.09375
0 0.66953125 0.51953125 0.109375 0.3234375
0 0.71953125 0.4984375 0.0890625 0.24375
1 0.16640625 0.5875 0.0890625 0.1875
1 0.31484375 0.55390625 0.0765625 0.1828125
1 0.43046875 0.51328125 0.065625 0.1421875
1 0.5375 0.48515625 0.0578125 0.13125
1 0.62109375 0.4625 0.05625 0.1234375