1 0.30546875 0.3765625 0.0765625 0.16875
1 0.44921875 0.40625 0.075 0.1796875
0 0.14375 0.46015625 0.178125 0.5140625
1 0.15546875 0.34609375 0.0765625 0.165625
0 0.090625 0.41953125 0.0953125 0.309375
0 0.2 0.44765625 0.115625 0.340625
0 0.28125 0.45234375 0.1203125 0.34375
0 0.3875 0.47109375 0.1234375 0.3359375
0 0.43828125 0.47578125 0.1015625 0.3078125
0 0.59375 0.51484375 0.1109375 0.3296875
0 0.76484375 0.53203125 0.1234375 0.3734375
1 0.6125 0.43828125 0.075 0.1859375
1 0.778125 0.45859375 0.08125 0.171875