0 0.109375 0.6421875 0.16875 0.3921875
0 0.05078125 0.61328125 0.1015625 0.2453125
0 0.15078125 0.60546875 0.146875 0.33125
0 0.31796875 0.584375 0.15 0.3546875
0 0.2953125 0.48125 0.1234375 0.196875
0 0.40390625 0.51640625 0.134375 0.3
0 0.44375 0.39296875 0.053125 0.0703125
0 0.5015625 0.55703125 0.1703125 0.3828125
0 0.5390625 0.50078125 0.153125 0.3484375
0 0.584375 0.4734375 0.090625 0.24375
0 0.5984375 0.471875 0.109375 0.2765625
0 0.65546875 0.46796875 0.15 0.3390625
0 0.6890625 0.428125 0.1078125 0.253125
0 0.74765625 0.4328125 0.1078125 0.25625
0 0.8015625 0.390625 0.1515625 0.3359375
1 0.4109375 0.44921875 0.0875 0.1609375
1 0.28671875 0.48359375 0.090625 0.159375
1 0.13984375 0.534375 0.109375 0.184375
1 0.5421875 0.39921875 0.075 0.1375
1 0.65 0.365625 0.075 0.1390625