0 0.08046875 0.528125 0.1609375 0.5375
0 0.08828125 0.53984375 0.1578125 0.4140625
0 0.2984375 0.5390625 0.1859375 0.40625
0 0.4953125 0.5828125 0.14375 0.3671875
0 0.4546875 0.58828125 0.0109375 0.00625
0 0.55546875 0.62734375 0.1546875 0.4
0 0.621875 0.6390625 0.165625 0.434375
0 0.690625 0.62734375 0.1171875 0.3421875
0 0.71640625 0.6375 0.1625 0.4015625
0 0.83984375 0.65546875 0.153125 0.35
1 0.12890625 0.4046875 0.11875 0.2234375
1 0.33359375 0.434375 0.1046875 0.19375
1 0.5078125 0.49453125 0.1 0.2078125
1 0.68828125 0.53515625 0.0953125 0.209375
1 0.85234375 0.5734375 0.1015625 0.209375