0 0.18359375 0.52578125 0.0890625 0.3921875
0 0.29375 0.54765625 0.07109375 0.371875
0 0.365625 0.50859375 0.06328125 0.34609375
0 0.428125 0.525 0.05625 0.3453125
0 0.4890625 0.49609375 0.053125 0.31484375
0 0.5453125 0.496875 0.06328125 0.33671875
0 0.590625 0.484375 0.03515625 0.29765625
0 0.63671875 0.5015625 0.06015625 0.3671875
0 0.67578125 0.4703125 0.025 0.2609375
0 0.69765625 0.4875 0.0515625 0.30390625
1 0.1578125 0.434375 0.06484375 0.209375
1 0.31484375 0.43046875 0.05234375 0.1859375
1 0.43828125 0.4203125 0.0453125 0.16796875
1 0.54765625 0.41484375 0.03984375 0.1421875
1 0.63515625 0.4125 0.0359375 0.1234375