0 0.1859375 0.45390625 0.175 0.4015625
0 0.28828125 0.5 0.153125 0.378125
0 0.3671875 0.478125 0.1390625 0.3515625
0 0.42421875 0.5078125 0.1328125 0.3484375
0 0.48984375 0.49375 0.121875 0.31875
0 0.54453125 0.50703125 0.1375 0.3421875
0 0.5921875 0.50546875 0.1015625 0.2984375
0 0.6328125 0.53203125 0.140625 0.371875
0 0.678125 0.5109375 0.0828125 0.259375
0 0.6953125 0.53203125 0.11875 0.3078125
1 0.18125 0.359375 0.1109375 0.21875
1 0.33515625 0.390625 0.0921875 0.1921875
1 0.4578125 0.40859375 0.08125 0.1734375
1 0.565625 0.428125 0.0703125 0.146875
1 0.6515625 0.4453125 0.0625 0.128125