0 0.20234375 0.5390625 0.1703125 0.4578125
0 0.290625 0.5625 0.1796875 0.4859375
0 0.36171875 0.5625 0.134375 0.4
0 0.415625 0.60859375 0.175 0.478125
0 0.4921875 0.5765625 0.1296875 0.353125
0 0.58203125 0.60546875 0.1390625 0.3734375
0 0.6078125 0.59140625 0.1015625 0.284375
0 0.659375 0.7078125 0.146875 0.415625
0 0.715625 0.61328125 0.109375 0.3078125
0 0.76640625 0.6515625 0.1328125 0.3609375
0 0.85546875 0.6828125 0.159375 0.4140625
0 0.88828125 0.6328125 0.090625 0.2578125
0 0.79375 0.5921875 0.1015625 0.284375
0 0.82265625 0.6109375 0.0671875 0.253125
1 0.334375 0.45 0.0953125 0.1859375
1 0.48125 0.475 0.0796875 0.159375
1 0.59609375 0.5046875 0.078125 0.1625
1 0.69296875 0.515625 0.06875 0.1546875
1 0.7734375 0.52578125 0.0609375 0.1328125