0 0.1578125 0.5953125 0.1390625 0.378125
0 0.10546875 0.62890625 0.1171875 0.3328125
0 0.30703125 0.5609375 0.1203125 0.3296875
0 0.36953125 0.58671875 0.128125 0.3484375
0 0.4015625 0.5390625 0.1046875 0.278125
0 0.4453125 0.51171875 0.096875 0.296875
0 0.5046875 0.5171875 0.1125 0.3171875
0 0.5609375 0.478125 0.0984375 0.2671875
0 0.6265625 0.47265625 0.1046875 0.31875
0 0.65078125 0.471875 0.0734375 0.2234375
0 0.73671875 0.459375 0.10625 0.2703125
1 0.10390625 0.51875 0.078125 0.18125
1 0.271875 0.4875 0.084375 0.178125
1 0.3984375 0.459375 0.075 0.1609375
1 0.5078125 0.42578125 0.065625 0.1515625
1 0.60390625 0.41171875 0.0609375 0.13125