0 0.0671875 0.59140625 0.134375 0.5328125
0 0.09765625 0.596875 0.103125 0.4125
0 0.30625 0.5671875 0.1328125 0.4015625
0 0.50703125 0.5828125 0.0953125 0.365625
0 0.4671875 0.59375 0.0109375 0.0046875
0 0.57265625 0.61875 0.1015625 0.4
0 0.63984375 0.6203125 0.1078125 0.434375
0 0.70625 0.59921875 0.0703125 0.34375
0 0.7328125 0.60625 0.109375 0.4
0 0.85859375 0.60703125 0.1078125 0.346875
1 0.11953125 0.45703125 0.090625 0.21875
1 0.3265625 0.4578125 0.08125 0.1890625
1 0.50703125 0.49375 0.075 0.2046875
1 0.69140625 0.50859375 0.06875 0.20625
1 0.859375 0.5234375 0.075 0.20625