0 0.2828125 0.56875 0.0734375 0.33515625
0 0.24296875 0.5671875 0.0515625 0.28515625
0 0.33984375 0.58046875 0.0515625 0.3265625
0 0.37421875 0.5484375 0.04609375 0.26953125
0 0.4953125 0.53125 0.05 0.2296875
0 0.578125 0.60859375 0.05078125 0.3265625
0 0.6265625 0.60234375 0.04296875 0.30390625
0 0.70390625 0.515625 0.0484375 0.26953125
0 0.55 0.53125 0.04296875 0.25625
0 0.590625 0.44375 0.03046875 0.08203125
0 0.62421875 0.4421875 0.03671875 0.10390625
0 0.13359375 0.60625 0.06484375 0.38984375
0 0.08828125 0.6015625 0.03125 0.32734375
0 0.05 0.59296875 0.05234375 0.309375
0 0.00625 0.60546875 0.0125 0.3046875
1 0.0703125 0.4984375 0.05859375 0.171875
1 0.23515625 0.48515625 0.04921875 0.1484375
1 0.35234375 0.47734375 0.04140625 0.1375
1 0.4765625 0.4703125 0.03515625 0.128125
1 0.5703125 0.4625 0.03515625 0.12109375