0 0.11015625 0.63671875 0.0703125 0.4546875
0 0.18203125 0.64140625 0.1015625 0.5140625
0 0.29765625 0.6734375 0.1328125 0.6125
0 0.32265625 0.42265625 0.053125 0.0828125
0 0.459375 0.6765625 0.109375 0.646875
0 0.5453125 0.628125 0.08125 0.50625
0 0.578125 0.45 0.05 0.165625
0 0.64609375 0.5375 0.06875 0.3234375
0 0.740625 0.54453125 0.0640625 0.378125
0 0.84375 0.51953125 0.0640625 0.3140625
0 0.928125 0.51328125 0.059375 0.2890625
1 0.08671875 0.521875 0.084375 0.2484375
1 0.27734375 0.5046875 0.0734375 0.21875
1 0.41328125 0.48515625 0.0671875 0.1796875
1 0.52578125 0.48359375 0.0578125 0.1765625
1 0.59921875 0.44921875 0.0359375 0.115625