0 0.190625 0.56953125 0.1421875 0.4
0 0.30234375 0.57578125 0.121875 0.378125
0 0.36796875 0.52734375 0.1109375 0.3515625
0 0.43203125 0.534375 0.103125 0.35
0 0.48828125 0.49765625 0.096875 0.31875
0 0.54453125 0.490625 0.109375 0.3421875
0 0.5875 0.471875 0.0765625 0.3
0 0.6359375 0.4828125 0.1109375 0.371875
0 0.6703125 0.44609375 0.0609375 0.2625
0 0.69375 0.46015625 0.09375 0.3078125
1 0.15234375 0.4828125 0.09375 0.215625
1 0.30703125 0.45703125 0.078125 0.1921875
1 0.428125 0.4296875 0.06875 0.171875
1 0.53515625 0.409375 0.059375 0.146875
1 0.621875 0.39453125 0.053125 0.1265625