0 0.77734375 0.46640625 0.040625 0.2625
0 0.73984375 0.49453125 0.0546875 0.3640625
0 0.56640625 0.4828125 0.0359375 0.25625
0 0.6625 0.47421875 0.04375 0.2015625
0 0.60859375 0.47734375 0.0265625 0.1796875
0 0.62890625 0.48828125 0.04375 0.275
0 0.19296875 0.5421875 0.075 0.4421875
0 0.2265625 0.41640625 0.0671875 0.128125
0 0.359375 0.503125 0.0484375 0.3078125
0 0.30625 0.57265625 0.0703125 0.43125
0 0.43046875 0.53359375 0.0578125 0.353125
0 0.490625 0.54609375 0.065625 0.3703125
1 0.1609375 0.45546875 0.0578125 0.1875
1 0.3203125 0.45625 0.0515625 0.1890625
1 0.43203125 0.45078125 0.04375 0.178125
1 0.53359375 0.4328125 0.03125 0.1296875
1 0.60234375 0.428125 0.0328125 0.1140625