0 0.24921875 0.52890625 0.0703125 0.290625
0 0.2953125 0.503125 0.0609375 0.3375
0 0.34375 0.5171875 0.1078125 0.3984375
0 0.46875 0.58125 0.078125 0.371875
0 0.64375 0.59375 0.096875 0.44375
0 0.50234375 0.5171875 0.0625 0.346875
0 0.60703125 0.503125 0.05625 0.303125
0 0.58359375 0.5046875 0.0703125 0.2921875
0 0.72265625 0.50625 0.0671875 0.290625
0 0.81328125 0.50859375 0.06875 0.2625
0 0.89765625 0.55234375 0.0703125 0.3265625
1 0.296875 0.43046875 0.0609375 0.1609375
1 0.44609375 0.4359375 0.0515625 0.1609375
1 0.56484375 0.440625 0.05 0.1578125
1 0.6859375 0.44609375 0.040625 0.1390625
1 0.784375 0.4421875 0.046875 0.128125