0 0.778125 0.4765625 0.05 0.2640625
0 0.73984375 0.503125 0.0671875 0.365625
0 0.5671875 0.48515625 0.0453125 0.2578125
0 0.66328125 0.4796875 0.0515625 0.203125
0 0.60859375 0.48125 0.03125 0.18125
0 0.6296875 0.49296875 0.053125 0.2765625
0 0.19140625 0.53125 0.090625 0.44375
0 0.2296875 0.40703125 0.071875 0.13125
0 0.359375 0.4984375 0.059375 0.309375
0 0.30390625 0.565625 0.084375 0.4328125
0 0.4296875 0.53125 0.0703125 0.3546875
0 0.4890625 0.5453125 0.078125 0.371875
1 0.1625 0.44375 0.0640625 0.1890625
1 0.321875 0.45 0.0578125 0.1890625
1 0.43359375 0.4484375 0.05 0.1796875
1 0.53515625 0.43359375 0.0359375 0.13125
1 0.6046875 0.43203125 0.0375 0.115625