0 0.15078125 0.56484375 0.109375 0.3765625
0 0.09609375 0.59453125 0.090625 0.33125
0 0.30234375 0.54375 0.09375 0.3265625
0 0.3625 0.575 0.0984375 0.346875
0 0.3984375 0.5296875 0.0828125 0.2765625
0 0.44453125 0.50703125 0.071875 0.296875
0 0.503125 0.51796875 0.0859375 0.315625
0 0.5625 0.48359375 0.0765625 0.2640625
0 0.62890625 0.484375 0.078125 0.3171875
0 0.65234375 0.48515625 0.0546875 0.221875
0 0.7390625 0.4796875 0.084375 0.26875
1 0.103125 0.484375 0.0625 0.1796875
1 0.2734375 0.4671875 0.0703125 0.1765625
1 0.40234375 0.45078125 0.0625 0.1578125
1 0.5140625 0.4265625 0.0546875 0.15
1 0.61171875 0.42109375 0.05 0.1296875