0 0.26015625 0.58046875 0.1 0.2921875
0 0.30078125 0.54609375 0.0953125 0.3375
0 0.35 0.54921875 0.1484375 0.403125
0 0.48671875 0.5859375 0.115625 0.3734375
0 0.66015625 0.56171875 0.1421875 0.4453125
0 0.50546875 0.51640625 0.0984375 0.3484375
0 0.60546875 0.48125 0.0875 0.3046875
0 0.5828125 0.48671875 0.1 0.29375
0 0.71875 0.46015625 0.096875 0.2921875
0 0.8078125 0.44296875 0.0953125 0.265625
0 0.9 0.46796875 0.103125 0.3296875
1 0.2875 0.47421875 0.0765625 0.1640625
1 0.434375 0.4484375 0.06875 0.1640625
1 0.5515625 0.42890625 0.065625 0.159375
1 0.6703125 0.40859375 0.0546875 0.140625
1 0.76640625 0.384375 0.059375 0.13125