0 0.29296875 0.59453125 0.1140625 0.3421875
0 0.253125 0.59765625 0.0859375 0.2890625
0 0.35078125 0.59921875 0.090625 0.3296875
0 0.38125 0.56328125 0.078125 0.2734375
0 0.49921875 0.53125 0.078125 0.234375
0 0.590625 0.5984375 0.090625 0.3296875
0 0.63828125 0.5859375 0.0796875 0.30625
0 0.70390625 0.490625 0.08125 0.2734375
0 0.553125 0.525 0.0734375 0.259375
0 0.5828125 0.4328125 0.040625 0.084375
0 0.61640625 0.42734375 0.0484375 0.1078125
0 0.14921875 0.65 0.1125 0.3953125
0 0.10390625 0.65078125 0.0703125 0.328125
0 0.06484375 0.646875 0.0890625 0.3140625
0 0.0234375 0.66484375 0.046875 0.3046875
1 0.0734375 0.55078125 0.0796875 0.178125
1 0.23515625 0.5171875 0.0671875 0.153125
1 0.35078125 0.4953125 0.0578125 0.1421875
1 0.4734375 0.4734375 0.05 0.13125
1 0.56484375 0.45390625 0.05 0.125