0 0.2 0.7140625 0.13125 0.38125
0 0.259375 0.68671875 0.175 0.4484375
0 0.36796875 0.64453125 0.1359375 0.3984375
0 0.4453125 0.63671875 0.1328125 0.3703125
0 0.50390625 0.61796875 0.159375 0.4234375
0 0.596875 0.559375 0.1140625 0.3203125
0 0.66640625 0.51328125 0.096875 0.2421875
0 0.7171875 0.55234375 0.1140625 0.328125
0 0.8125 0.509375 0.11875 0.3015625
1 0.1515625 0.6109375 0.1125 0.228125
1 0.3125 0.565625 0.0921875 0.196875
1 0.43359375 0.53125 0.0828125 0.1796875
1 0.54453125 0.50078125 0.06875 0.1578125
1 0.62890625 0.47890625 0.06875 0.1453125