0 0.15234375 0.696875 0.1953125 0.5
0 0.2453125 0.7296875 0.2015625 0.503125
0 0.33046875 0.70625 0.2578125 0.5875
0 0.371875 0.6265625 0.153125 0.434375
0 0.43046875 0.628125 0.1875 0.465625
0 0.5125 0.659375 0.2015625 0.496875
0 0.88046875 0.4734375 0.125 0.3609375
0 0.84765625 0.4734375 0.1109375 0.3640625
0 0.79921875 0.51640625 0.1328125 0.390625
0 0.7625 0.57578125 0.1578125 0.4421875
0 0.6171875 0.64375 0.20625 0.55
0 0.6984375 0.58359375 0.153125 0.428125
0 0.6109375 0.4078125 0.0609375 0.0984375
0 0.7125 0.34375 0.0453125 0.046875
1 0.68046875 0.4546875 0.0875 0.2109375
1 0.4515625 0.50859375 0.10625 0.2328125
1 0.31484375 0.540625 0.1015625 0.246875
1 0.10078125 0.59375 0.134375 0.2703125