0 0.2234375 0.58046875 0.109375 0.50625
0 0.31328125 0.59609375 0.125 0.540625
0 0.403125 0.584375 0.065625 0.3828125
0 0.45703125 0.596875 0.0734375 0.3859375
0 0.596875 0.54921875 0.0515625 0.2859375
0 0.62890625 0.6140625 0.0921875 0.4609375
0 0.67890625 0.55 0.053125 0.3046875
0 0.70390625 0.43203125 0.0328125 0.06875
0 0.72578125 0.575 0.065625 0.30625
0 0.8046875 0.5640625 0.084375 0.3203125
0 0.9203125 0.55859375 0.0671875 0.2859375
1 0.6359375 0.48984375 0.0421875 0.159375
1 0.5609375 0.4828125 0.0484375 0.1625
1 0.34453125 0.4796875 0.0640625 0.2046875
1 0.17109375 0.48203125 0.090625 0.25625
1 0.459375 0.46640625 0.053125 0.1578125