0 0.28203125 0.61796875 0.0734375 0.3765625
0 0.340625 0.60078125 0.05625 0.375
0 0.4296875 0.60625 0.075 0.446875
0 0.4703125 0.58359375 0.0375 0.284375
0 0.55546875 0.57734375 0.0578125 0.3640625
0 0.63203125 0.5296875 0.0453125 0.284375
0 0.6640625 0.60078125 0.0765625 0.3765625
0 0.71171875 0.5421875 0.04375 0.271875
0 0.77734375 0.546875 0.04375 0.3140625
0 0.8078125 0.553125 0.0359375 0.2640625
0 0.75546875 0.4359375 0.0390625 0.0421875
1 0.6484375 0.48828125 0.034375 0.134375
1 0.5890625 0.48515625 0.0328125 0.1328125
1 0.5109375 0.4953125 0.0375 0.15625
1 0.42578125 0.50078125 0.059375 0.1796875
1 0.28515625 0.50703125 0.0625 0.190625