0 0.15234375 0.6234375 0.0671875 0.38125
0 0.2171875 0.61328125 0.1 0.446875
0 0.33359375 0.60234375 0.06875 0.4
0 0.409375 0.61640625 0.0703125 0.3703125
0 0.47109375 0.6140625 0.0890625 0.421875
0 0.57734375 0.58359375 0.0609375 0.3203125
0 0.65625 0.559375 0.05625 0.240625
0 0.69453125 0.61015625 0.0578125 0.3296875
0 0.79765625 0.5953125 0.06875 0.3
1 0.134375 0.5109375 0.075 0.221875
1 0.3015625 0.51171875 0.0609375 0.19375
1 0.42734375 0.51171875 0.053125 0.1765625
1 0.5421875 0.51328125 0.0421875 0.15625
1 0.6296875 0.515625 0.0453125 0.1421875