0 0.11171875 0.6875 0.15625 0.471875
0 0.21328125 0.653125 0.1515625 0.4703125
0 0.30234375 0.66875 0.1703125 0.5515625
0 0.5171875 0.57734375 0.134375 0.43125
0 0.35859375 0.459375 0.0484375 0.1
0 0.43515625 0.6875 0.1921875 0.5984375
0 0.84453125 0.51328125 0.1296875 0.3875
0 0.7921875 0.51171875 0.1015625 0.35625
0 0.73984375 0.63203125 0.171875 0.55625
0 0.63203125 0.515625 0.0875 0.3140625
0 0.62265625 0.56796875 0.096875 0.359375
0 0.59296875 0.61484375 0.1453125 0.4828125
0 0.72265625 0.38359375 0.0703125 0.1
1 0.15234375 0.565625 0.0984375 0.240625
1 0.33671875 0.52578125 0.084375 0.215625
1 0.46015625 0.49609375 0.078125 0.1890625
1 0.65390625 0.4546875 0.0734375 0.1640625