0 0.08515625 0.6171875 0.07578125 0.46640625
0 0.19140625 0.60078125 0.07109375 0.465625
0 0.27578125 0.63203125 0.07578125 0.546875
0 0.50390625 0.57890625 0.0609375 0.4265625
0 0.36796875 0.43515625 0.0328125 0.09609375
0 0.40390625 0.6734375 0.090625 0.5921875
0 0.83671875 0.57265625 0.06484375 0.38203125
0 0.7859375 0.5625 0.040625 0.3546875
0 0.71328125 0.671875 0.07734375 0.5515625
0 0.62734375 0.53828125 0.034375 0.31328125
0 0.609375 0.58828125 0.03515625 0.359375
0 0.571875 0.62890625 0.0625 0.47890625
0 0.7390625 0.42421875 0.05546875 0.09140625
1 0.14609375 0.50390625 0.059375 0.234375
1 0.334375 0.496875 0.0484375 0.21015625
1 0.46171875 0.4890625 0.046875 0.184375
1 0.659375 0.48203125 0.04609375 0.1578125