0 0.0890625 0.64609375 0.0671875 0.4578125
0 0.17421875 0.60703125 0.0609375 0.4703125
0 0.24609375 0.6609375 0.0859375 0.53125
0 0.38359375 0.57890625 0.0671875 0.4375
0 0.475 0.6078125 0.0640625 0.4515625
0 0.515625 0.54921875 0.0484375 0.359375
0 0.63203125 0.484375 0.025 0.2390625
0 0.66484375 0.58046875 0.0671875 0.421875
0 0.73671875 0.51796875 0.040625 0.309375
0 0.7671875 0.55625 0.05625 0.3359375
0 0.87890625 0.5375 0.0828125 0.3
1 0.121875 0.50234375 0.078125 0.25625
1 0.32421875 0.4828125 0.0640625 0.215625
1 0.47109375 0.478125 0.059375 0.1953125
1 0.5921875 0.4671875 0.0421875 0.16875
1 0.6890625 0.459375 0.040625 0.1515625