0 0.12578125 0.640625 0.121875 0.496875
0 0.2125 0.68671875 0.1265625 0.5
0 0.29921875 0.6796875 0.171875 0.5859375
0 0.35390625 0.6046875 0.0875 0.434375
0 0.4109375 0.615625 0.1171875 0.4640625
0 0.4875 0.659375 0.128125 0.49375
0 0.8796875 0.5328125 0.0703125 0.3625
0 0.84765625 0.528125 0.0546875 0.3671875
0 0.79296875 0.56328125 0.0734375 0.3921875
0 0.74765625 0.615625 0.090625 0.44375
0 0.59375 0.66015625 0.1234375 0.5484375
0 0.6828125 0.61328125 0.0875 0.428125
0 0.62421875 0.4265625 0.0484375 0.09375
0 0.734375 0.37890625 0.040625 0.0421875
1 0.68515625 0.4828125 0.05625 0.209375
1 0.45078125 0.50078125 0.0734375 0.2296875
1 0.31015625 0.5109375 0.0640625 0.2453125
1 0.090625 0.53046875 0.0953125 0.2640625