0 0.10859375 0.68046875 0.1484375 0.471875
0 0.2109375 0.64765625 0.14375 0.4703125
0 0.29921875 0.665625 0.1609375 0.5515625
0 0.51640625 0.57734375 0.1265625 0.43125
0 0.359375 0.45625 0.046875 0.1
0 0.43203125 0.68671875 0.1828125 0.5984375
0 0.84375 0.51875 0.1234375 0.3875
0 0.7921875 0.5171875 0.0953125 0.35625
0 0.7375 0.63671875 0.1625 0.55625
0 0.63203125 0.51796875 0.0828125 0.3140625
0 0.621875 0.5703125 0.090625 0.3609375
0 0.59140625 0.61640625 0.1359375 0.4828125
0 0.72421875 0.3875 0.06875 0.0984375
1 0.15078125 0.559375 0.0953125 0.240625
1 0.3359375 0.52265625 0.08125 0.215625
1 0.46015625 0.4953125 0.075 0.1890625
1 0.6546875 0.45703125 0.0703125 0.1625