0 0.2859375 0.62578125 0.0859375 0.378125
0 0.34453125 0.60625 0.06875 0.375
0 0.43359375 0.60859375 0.090625 0.4484375
0 0.4734375 0.584375 0.046875 0.2859375
0 0.5578125 0.575 0.0703125 0.3640625
0 0.6328125 0.525 0.0546875 0.2859375
0 0.66796875 0.5953125 0.0890625 0.378125
0 0.71328125 0.53515625 0.053125 0.2734375
0 0.77890625 0.53671875 0.0546875 0.315625
0 0.809375 0.5421875 0.0453125 0.2640625
0 0.753125 0.42734375 0.040625 0.04375
1 0.64765625 0.4828125 0.0390625 0.1359375
1 0.58828125 0.48203125 0.0375 0.134375
1 0.5109375 0.49453125 0.04375 0.1578125
1 0.42578125 0.503125 0.065625 0.18125
1 0.2859375 0.5140625 0.06875 0.1921875