0 0.23359375 0.60859375 0.0921875 0.503125
0 0.32421875 0.61484375 0.10625 0.5375
0 0.4125 0.59375 0.053125 0.3828125
0 0.4671875 0.6015625 0.0609375 0.384375
0 0.6015625 0.53828125 0.0421875 0.2859375
0 0.640625 0.6 0.0765625 0.459375
0 0.68359375 0.53125 0.0421875 0.3046875
0 0.6953125 0.4109375 0.0296875 0.0671875
0 0.73203125 0.5515625 0.05625 0.3046875
0 0.81015625 0.53203125 0.0734375 0.31875
0 0.92421875 0.5140625 0.05625 0.284375
1 0.634375 0.47578125 0.0375 0.1578125
1 0.55859375 0.4765625 0.04375 0.1625
1 0.34375 0.49609375 0.05625 0.203125
1 0.1703125 0.51640625 0.0828125 0.2546875
1 0.45625 0.47109375 0.0484375 0.15625