0 0.08671875 0.6390625 0.059375 0.45703125
0 0.17265625 0.6015625 0.05234375 0.46953125
0 0.24296875 0.65625 0.07734375 0.53046875
0 0.38203125 0.5765625 0.06015625 0.4359375
0 0.4734375 0.60703125 0.05546875 0.45078125
0 0.51484375 0.54921875 0.04140625 0.359375
0 0.63203125 0.48671875 0.02109375 0.23828125
0 0.66328125 0.58359375 0.06015625 0.4203125
0 0.73671875 0.521875 0.03515625 0.309375
0 0.76640625 0.5609375 0.05078125 0.334375
0 0.878125 0.54375 0.07734375 0.2984375
1 0.121875 0.49609375 0.0734375 0.25546875
1 0.32421875 0.4796875 0.0609375 0.21484375
1 0.471875 0.47734375 0.05546875 0.19375
1 0.59296875 0.46875 0.03984375 0.16796875
1 0.68984375 0.4625 0.0375 0.1515625