0 0.246875 0.71171875 0.203125 0.5765625
0 0.3734375 0.65234375 0.146875 0.4203125
0 0.4671875 0.6328125 0.146875 0.45625
0 0.528125 0.59609375 0.1109375 0.3625
0 0.584375 0.60390625 0.1140625 0.3609375
0 0.6296875 0.6203125 0.178125 0.56875
0 0.671875 0.55234375 0.1125 0.390625
0 0.721875 0.54453125 0.1296875 0.3640625
0 0.7640625 0.51171875 0.103125 0.3015625
0 0.85390625 0.49296875 0.11875 0.35
1 0.12265625 0.58671875 0.128125 0.275
1 0.325 0.53984375 0.1046875 0.2328125
1 0.46953125 0.50546875 0.090625 0.2078125
1 0.68984375 0.45859375 0.075 0.171875
0 0.16015625 0.72265625 0.159375 0.4796875