0 0.2546875 0.71640625 0.221875 0.5671875
0 0.37890625 0.65703125 0.1609375 0.41875
0 0.471875 0.634375 0.1625 0.4546875
0 0.53125 0.5953125 0.121875 0.3625
0 0.58828125 0.60078125 0.1265625 0.359375
0 0.634375 0.615625 0.196875 0.565625
0 0.6734375 0.546875 0.125 0.3890625
0 0.7234375 0.53671875 0.1421875 0.3640625
0 0.7640625 0.50234375 0.1140625 0.3015625
0 0.853125 0.48125 0.1296875 0.35
1 0.1265625 0.6 0.1375 0.2765625
1 0.32578125 0.54609375 0.1109375 0.2328125
1 0.46953125 0.50625 0.096875 0.2078125
1 0.68828125 0.4515625 0.0796875 0.171875
0 0.16875 0.734375 0.175 0.4796875