0 0.2109375 0.6609375 0.09609375 0.5703125
0 0.346875 0.62578125 0.06953125 0.4140625
0 0.4421875 0.62421875 0.06171875 0.45234375
0 0.509375 0.6 0.0421875 0.36171875
0 0.56328125 0.61796875 0.046875 0.35859375
0 0.6046875 0.64296875 0.07109375 0.56484375
0 0.65859375 0.584375 0.03828125 0.38984375
0 0.709375 0.5859375 0.0625 0.359375
0 0.75703125 0.56171875 0.04765625 0.2984375
0 0.8484375 0.5609375 0.053125 0.346875
1 0.11328125 0.51328125 0.0796875 0.26484375
1 0.3203125 0.50546875 0.0625 0.225
1 0.46875 0.49921875 0.053125 0.2015625
1 0.69453125 0.4953125 0.04375 0.16640625
0 0.12421875 0.65390625 0.06953125 0.47578125