0 0.928125 0.4796875 0.08125 0.3234375
0 0.80703125 0.4734375 0.08125 0.30625
0 0.703125 0.475 0.0703125 0.3359375
0 0.75078125 0.5 0.0984375 0.3828125
0 0.15 0.66015625 0.103125 0.384375
0 0.17890625 0.36875 0.1203125 0.1375
0 0.24296875 0.6671875 0.1765625 0.665625
0 0.34375 0.559375 0.0984375 0.41875
0 0.4375 0.56171875 0.109375 0.478125
0 0.50546875 0.51171875 0.0875 0.3890625
0 0.57421875 0.53359375 0.06875 0.390625
0 0.6203125 0.58359375 0.1078125 0.5140625
1 0.09609375 0.4984375 0.09375 0.2625
1 0.2984375 0.46953125 0.0796875 0.23125
1 0.44375 0.46015625 0.0703125 0.2296875
1 0.575 0.44296875 0.0703125 0.20625
1 0.66640625 0.41171875 0.0515625 0.1625