0 0.928125 0.5171875 0.05390625 0.31953125
0 0.80859375 0.5 0.05546875 0.303125
0 0.7046875 0.49296875 0.04140625 0.33359375
0 0.75 0.521875 0.065625 0.37890625
0 0.1375 0.62890625 0.0703125 0.38046875
0 0.19140625 0.34140625 0.11015625 0.128125
0 0.22890625 0.65625 0.11796875 0.68046875
0 0.3390625 0.5453125 0.0625 0.415625
0 0.43203125 0.55625 0.06875 0.47421875
0 0.5046875 0.5125 0.05390625 0.38515625
0 0.57109375 0.53984375 0.03515625 0.3890625
0 0.6125 0.59375 0.0640625 0.51015625
1 0.09765625 0.46328125 0.07109375 0.2578125
1 0.3015625 0.45234375 0.06015625 0.2265625
1 0.44765625 0.45546875 0.0515625 0.22578125
1 0.5796875 0.45 0.053125 0.20234375
1 0.6734375 0.4265625 0.0375 0.159375