0 0.134375 0.68125 0.1828125 0.4921875
0 0.1921875 0.6375 0.1125 0.359375
0 0.25546875 0.66875 0.1203125 0.3375
0 0.3546875 0.61875 0.1015625 0.3484375
0 0.384375 0.6265625 0.134375 0.43125
0 0.45 0.7 0.16875 0.4625
0 0.5265625 0.57890625 0.1015625 0.3265625
0 0.57109375 0.5828125 0.11875 0.353125
0 0.628125 0.56796875 0.1375 0.4046875
0 0.69765625 0.55 0.0828125 0.284375
0 0.74140625 0.5609375 0.1078125 0.321875
0 0.81796875 0.5546875 0.13125 0.3671875
0 0.83203125 0.50546875 0.08125 0.2546875
0 0.87734375 0.459375 0.0921875 0.271875
0 0.93046875 0.53359375 0.1390625 0.4609375
1 0.1765625 0.559375 0.084375 0.190625
1 0.3546875 0.53359375 0.0796875 0.190625
1 0.5 0.50703125 0.075 0.1765625
1 0.653125 0.471875 0.0703125 0.1671875
1 0.78125 0.45390625 0.075 0.171875