0 0.15859375 0.5640625 0.1125 0.4375
0 0.24921875 0.57734375 0.103125 0.4390625
0 0.39765625 0.5375 0.08125 0.3421875
0 0.44453125 0.54765625 0.096875 0.4046875
0 0.5234375 0.50859375 0.071875 0.309375
0 0.64609375 0.4796875 0.0765625 0.2765625
0 0.73671875 0.475 0.0703125 0.2390625
0 0.865625 0.47734375 0.10625 0.3703125
1 0.16640625 0.4640625 0.0859375 0.2140625
1 0.35234375 0.45078125 0.0671875 0.1890625
1 0.4921875 0.43671875 0.0578125 0.16875
1 0.6109375 0.425 0.053125 0.15625
1 0.70234375 0.4140625 0.0484375 0.1390625