0 0.17421875 0.62265625 0.184375 0.4375
0 0.2671875 0.61953125 0.1765625 0.4375
0 0.40546875 0.5546875 0.1375 0.340625
0 0.45390625 0.55703125 0.1640625 0.403125
0 0.525 0.5046875 0.121875 0.3078125
0 0.640625 0.45390625 0.121875 0.2765625
0 0.72890625 0.434375 0.109375 0.240625
0 0.85625 0.4140625 0.165625 0.371875
1 0.165625 0.52265625 0.11875 0.2203125
1 0.34609375 0.47734375 0.0984375 0.1921875
1 0.48125 0.4390625 0.084375 0.1703125
1 0.59609375 0.40703125 0.078125 0.1578125
1 0.684375 0.38046875 0.0703125 0.1421875