0 0.09140625 0.59140625 0.096875 0.4921875
0 0.196875 0.6109375 0.121875 0.5375
0 0.33828125 0.5625 0.075 0.4609375
0 0.40234375 0.603125 0.090625 0.509375
0 0.5234375 0.5671875 0.071875 0.3984375
0 0.5828125 0.57578125 0.09375 0.4953125
0 0.6640625 0.5671875 0.0734375 0.3390625
0 0.78828125 0.54765625 0.059375 0.321875
0 0.84296875 0.58046875 0.08125 0.415625
0 0.8984375 0.58828125 0.0640625 0.33125
1 0.74453125 0.47734375 0.0546875 0.1671875
1 0.62890625 0.4765625 0.05625 0.184375
1 0.48046875 0.4765625 0.065625 0.2
1 0.32109375 0.475 0.0765625 0.2234375
1 0.1 0.475 0.090625 0.26875