0 0.92421875 0.44296875 0.1078125 0.3234375
0 0.80390625 0.44609375 0.1078125 0.3078125
0 0.7 0.4578125 0.0984375 0.3359375
0 0.75 0.478125 0.1296875 0.384375
0 0.165625 0.68984375 0.1359375 0.3875
0 0.16875 0.39765625 0.13125 0.1453125
0 0.259375 0.67734375 0.234375 0.6453125
0 0.34921875 0.57265625 0.134375 0.4203125
0 0.44296875 0.5671875 0.15 0.4796875
0 0.50703125 0.51171875 0.1203125 0.3890625
0 0.5765625 0.5265625 0.1015625 0.3890625
0 0.62734375 0.57265625 0.1515625 0.5140625
1 0.09765625 0.53359375 0.1140625 0.265625
1 0.29609375 0.4875 0.0984375 0.2328125
1 0.440625 0.465625 0.090625 0.23125
1 0.56953125 0.43671875 0.0875 0.2078125
1 0.6578125 0.39765625 0.0640625 0.1640625