0 0.10078125 0.6265625 0.0875 0.4921875
0 0.2078125 0.63671875 0.1125 0.5359375
0 0.34375 0.5765625 0.0671875 0.4609375
0 0.41171875 0.6109375 0.08125 0.509375
0 0.52890625 0.56484375 0.0640625 0.396875
0 0.5890625 0.56796875 0.084375 0.49375
0 0.66875 0.55234375 0.0671875 0.3375
0 0.79140625 0.52265625 0.0546875 0.3203125
0 0.84921875 0.55 0.075 0.415625
0 0.9046875 0.553125 0.059375 0.3296875
1 0.74140625 0.45625 0.0515625 0.1671875
1 0.6265625 0.46484375 0.053125 0.1828125
1 0.478125 0.478125 0.0625 0.1984375
1 0.31953125 0.490625 0.0734375 0.221875
1 0.09921875 0.51015625 0.0859375 0.2671875