0 0.29609375 0.58828125 0.0765625 0.475
0 0.434375 0.63203125 0.0765625 0.4515625
0 0.4125 0.3796875 0.05 0.0671875
0 0.84140625 0.51171875 0.0625 0.3421875
0 0.784375 0.54375 0.0671875 0.41875
0 0.6921875 0.53984375 0.0703125 0.3875
0 0.515625 0.55859375 0.046875 0.3484375
0 0.6203125 0.50859375 0.05625 0.346875
0 0.54375 0.57890625 0.0671875 0.421875
0 0.59453125 0.6109375 0.0703125 0.446875
0 0.56328125 0.38515625 0.0453125 0.059375
1 0.20625 0.496875 0.071875 0.2515625
1 0.35 0.48046875 0.0578125 0.2203125
1 0.45234375 0.46640625 0.046875 0.1890625
1 0.54765625 0.46171875 0.0484375 0.1984375