0 0.1609375 0.6609375 0.175 0.678125
0 0.34453125 0.6984375 0.1640625 0.603125
0 0.41328125 0.6125 0.1125 0.5421875
0 0.49140625 0.64921875 0.1296875 0.5765625
0 0.584375 0.6 0.1109375 0.4171875
0 0.70859375 0.54140625 0.0828125 0.3765625
0 0.75546875 0.5828125 0.121875 0.5046875
0 0.8234375 0.52578125 0.0953125 0.353125
0 0.92734375 0.51875 0.121875 0.5234375
1 0.0640625 0.5515625 0.1109375 0.3359375
1 0.3234375 0.5046875 0.109375 0.290625
1 0.50078125 0.46875 0.078125 0.234375
1 0.64453125 0.4546875 0.0734375 0.21875
1 0.75625 0.42890625 0.0640625 0.1875