0 0.1765625 0.675 0.234375 0.65
0 0.3640625 0.7046875 0.215625 0.590625
0 0.4234375 0.61953125 0.159375 0.540625
0 0.5046875 0.64921875 0.178125 0.575
0 0.59296875 0.59296875 0.1453125 0.4171875
0 0.71171875 0.5234375 0.1140625 0.375
0 0.76171875 0.5609375 0.1640625 0.5046875
0 0.82421875 0.49765625 0.1234375 0.3546875
0 0.921875 0.48046875 0.15625 0.5234375
1 0.0703125 0.5890625 0.1390625 0.3375
1 0.325 0.51953125 0.1328125 0.29375
1 0.49765625 0.46875 0.096875 0.2359375
1 0.63984375 0.4421875 0.0921875 0.2203125
1 0.74921875 0.40703125 0.0796875 0.1890625