0 0.85390625 0.575 0.0625 0.4
0 0.7421875 0.55859375 0.04609375 0.32734375
0 0.69140625 0.6109375 0.0515625 0.40625
0 0.596875 0.59921875 0.0484375 0.33046875
0 0.5265625 0.6203125 0.07578125 0.46484375
0 0.20390625 0.61875 0.10859375 0.51796875
0 0.32734375 0.5515625 0.071875 0.36328125
0 0.40859375 0.690625 0.10546875 0.61796875
1 0.2140625 0.503125 0.0765625 0.22578125
1 0.41484375 0.51015625 0.05859375 0.2328125
1 0.56171875 0.49609375 0.04453125 0.19921875
1 0.6953125 0.4890625 0.0515625 0.17109375
1 0.79453125 0.48515625 0.0421875 0.1671875