0 0.86171875 0.50625 0.1375 0.4046875
0 0.74921875 0.5109375 0.1078125 0.3296875
0 0.709375 0.57265625 0.128125 0.409375
0 0.6140625 0.57890625 0.1109375 0.334375
0 0.54921875 0.61328125 0.1625 0.4703125
0 0.23203125 0.6734375 0.2046875 0.5296875
0 0.340625 0.58359375 0.140625 0.3703125
0 0.446875 0.6953125 0.221875 0.609375
1 0.21953125 0.5578125 0.11875 0.2359375
1 0.41796875 0.5265625 0.1015625 0.2390625
1 0.56015625 0.484375 0.08125 0.2046875
1 0.68984375 0.45234375 0.0828125 0.178125
1 0.7859375 0.42890625 0.0734375 0.171875