0 0.85078125 0.5875 0.0765625 0.4015625
0 0.73984375 0.5671875 0.0578125 0.328125
0 0.6875 0.6171875 0.065625 0.4078125
0 0.59296875 0.60234375 0.059375 0.33125
0 0.52265625 0.62109375 0.0921875 0.4671875
0 0.2 0.60859375 0.1265625 0.521875
0 0.32578125 0.5453125 0.084375 0.365625
0 0.40234375 0.6875 0.1265625 0.621875
1 0.2140625 0.49296875 0.084375 0.228125
1 0.41484375 0.50703125 0.0671875 0.234375
1 0.56171875 0.4984375 0.0515625 0.2
1 0.6953125 0.49609375 0.0578125 0.1734375
1 0.79453125 0.4953125 0.0484375 0.16875