0 0.34921875 0.63515625 0.184375 0.471875
0 0.43671875 0.609375 0.16875 0.41875
0 0.51328125 0.55859375 0.175 0.4515625
0 0.60078125 0.546875 0.140625 0.35625
0 0.60703125 0.53046875 0.14375 0.390625
0 0.6359375 0.3828125 0.0609375 0.1140625
0 0.703125 0.52890625 0.128125 0.36875
0 0.74375 0.50234375 0.1546875 0.421875
0 0.803125 0.478125 0.125 0.346875
1 0.2515625 0.53203125 0.1265625 0.271875
1 0.4015625 0.49453125 0.1046875 0.2453125
1 0.509375 0.46875 0.090625 0.209375
1 0.609375 0.44453125 0.0765625 0.19375