0 0.30390625 0.5484375 0.184375 0.471875
0 0.39296875 0.56640625 0.16875 0.41875
0 0.48359375 0.5578125 0.175 0.4515625
0 0.5671875 0.58828125 0.140625 0.35625
0 0.5796875 0.57734375 0.14375 0.390625
0 0.675 0.4609375 0.0609375 0.1140625
0 0.665625 0.62109375 0.128125 0.36875
0 0.7140625 0.61640625 0.1546875 0.421875
0 0.77734375 0.6234375 0.125 0.346875
1 0.265625 0.41171875 0.1265625 0.271875
1 0.415625 0.44921875 0.1046875 0.2453125
1 0.52265625 0.4765625 0.090625 0.209375
1 0.62265625 0.50234375 0.0765625 0.19375