0 0.22734375 0.63828125 0.190625 0.4953125
0 0.328125 0.6109375 0.159375 0.44375
0 0.43046875 0.59453125 0.15625 0.4765625
0 0.4625 0.53828125 0.13125 0.4109375
0 0.70546875 0.48125 0.1359375 0.3796875
0 0.515625 0.534375 0.115625 0.3515625
0 0.5234375 0.38046875 0.05 0.0796875
0 0.5796875 0.540625 0.115625 0.3640625
0 0.6109375 0.35390625 0.0625 0.078125
0 0.61484375 0.5359375 0.140625 0.4203125
1 0.2390625 0.51796875 0.1046875 0.2484375
1 0.37578125 0.478125 0.096875 0.21875
1 0.48046875 0.45546875 0.084375 0.2046875
1 0.5828125 0.43515625 0.0796875 0.209375
1 0.646875 0.409375 0.06875 0.1796875