0 0.22265625 0.62890625 0.175 0.4953125
0 0.32421875 0.6046875 0.14375 0.4453125
0 0.42734375 0.5921875 0.140625 0.4765625
0 0.4609375 0.53671875 0.1171875 0.4125
0 0.70546875 0.48828125 0.1234375 0.3796875
0 0.5140625 0.53515625 0.103125 0.3515625
0 0.52734375 0.38203125 0.0484375 0.0796875
0 0.578125 0.54296875 0.103125 0.365625
0 0.61640625 0.3578125 0.059375 0.0765625
0 0.61328125 0.53984375 0.1265625 0.421875
1 0.2390625 0.50859375 0.096875 0.2484375
1 0.3765625 0.47421875 0.0890625 0.21875
1 0.48203125 0.4546875 0.0765625 0.2046875
1 0.58515625 0.43828125 0.0734375 0.209375
1 0.65 0.41484375 0.0640625 0.1796875