0 0.31640625 0.62578125 0.1640625 0.475
0 0.4609375 0.6421875 0.1609375 0.4515625
0 0.390625 0.3984375 0.0625 0.0734375
0 0.8375 0.44609375 0.125 0.34375
0 0.7875 0.4890625 0.1453125 0.41875
0 0.69609375 0.503125 0.1421875 0.3890625
0 0.5265625 0.5546875 0.1125 0.346875
0 0.6203125 0.48515625 0.1203125 0.346875
0 0.5578125 0.56953125 0.1453125 0.421875
0 0.6140625 0.590625 0.153125 0.446875
0 0.53984375 0.375 0.0546875 0.0671875
1 0.2109375 0.553125 0.1171875 0.2578125
1 0.34921875 0.509375 0.0984375 0.2234375
1 0.446875 0.47578125 0.08125 0.1921875
1 0.53984375 0.453125 0.084375 0.2015625