0 0.94140625 0.63984375 0.075 0.31875
0 0.86171875 0.69453125 0.06875 0.346875
0 0.79609375 0.6265625 0.0515625 0.2828125
0 0.74765625 0.63515625 0.078125 0.3546875
0 0.64453125 0.50859375 0.0328125 0.1046875
0 0.65703125 0.62734375 0.05 0.30625
0 0.56015625 0.52421875 0.04375 0.1515625
0 0.5765625 0.7296875 0.1140625 0.5140625
0 0.51640625 0.6390625 0.06875 0.346875
0 0.45859375 0.6734375 0.0921875 0.48125
0 0.39140625 0.6375 0.0921875 0.4125
0 0.30546875 0.6265625 0.0921875 0.41875
0 0.19375 0.7109375 0.10625 0.51875
0 0.13125 0.46875 0.0859375 0.11875
0 0.103125 0.67734375 0.1125 0.4953125
0 0.6890625 0.52421875 0.0390625 0.103125
1 0.60703125 0.5390625 0.0453125 0.1453125
1 0.52578125 0.5328125 0.0453125 0.1578125
1 0.41015625 0.534375 0.0625 0.1859375
1 0.27421875 0.53125 0.071875 0.2109375
1 0.0765625 0.53046875 0.0921875 0.25