0 0.9390625 0.64765625 0.0796875 0.3203125
0 0.8578125 0.70078125 0.075 0.346875
0 0.79375 0.63125 0.05625 0.284375
0 0.7453125 0.6390625 0.084375 0.3546875
0 0.64375 0.5109375 0.034375 0.1046875
0 0.6546875 0.63046875 0.0546875 0.30625
0 0.559375 0.52578125 0.046875 0.1515625
0 0.57265625 0.73046875 0.1234375 0.5140625
0 0.5140625 0.6390625 0.075 0.3484375
0 0.45625 0.67265625 0.1 0.4828125
0 0.3890625 0.63515625 0.0984375 0.4140625
0 0.303125 0.6234375 0.0984375 0.41875
0 0.190625 0.70546875 0.115625 0.5203125
0 0.13125 0.4625 0.0875 0.1203125
0 0.1 0.6703125 0.1203125 0.4953125
0 0.6890625 0.52734375 0.0421875 0.1046875
1 0.60625 0.540625 0.046875 0.146875
1 0.525 0.53359375 0.0484375 0.159375
1 0.409375 0.5328125 0.065625 0.1859375
1 0.2734375 0.52734375 0.075 0.2125
1 0.07578125 0.5234375 0.096875 0.2515625