0 0.128125 0.5296875 0.059375 0.29296875
0 0.60078125 0.51484375 0.05390625 0.32578125
0 0.5546875 0.5140625 0.05078125 0.38359375
0 0.42578125 0.53125 0.04921875 0.290625
0 0.3671875 0.5359375 0.06328125 0.35625
0 0.2640625 0.53828125 0.04453125 0.28046875
0 0.30078125 0.528125 0.05 0.30703125
1 0.74375 0.45234375 0.0484375 0.1671875
1 0.58984375 0.45546875 0.05 0.16015625
1 0.43671875 0.46015625 0.04453125 0.16015625
1 0.3015625 0.46484375 0.0515625 0.16640625
1 0.1640625 0.4671875 0.04375 0.1578125