0 0.95 0.60859375 0.05234375 0.31640625
0 0.87421875 0.66875 0.04453125 0.34453125
0 0.80390625 0.60546875 0.03125 0.28203125
0 0.75625 0.6171875 0.05390625 0.3515625
0 0.64453125 0.4984375 0.025 0.103125
0 0.665625 0.61640625 0.02890625 0.3046875
0 0.56171875 0.5203125 0.03359375 0.14921875
0 0.5921875 0.7234375 0.07890625 0.509375
0 0.52578125 0.6375 0.04453125 0.3453125
0 0.47109375 0.67578125 0.05859375 0.47890625
0 0.4015625 0.64453125 0.06328125 0.409375
0 0.31484375 0.63984375 0.06328125 0.41484375
0 0.209375 0.73203125 0.07109375 0.515625
0 0.1296875 0.49453125 0.078125 0.11328125
0 0.11640625 0.7046875 0.078125 0.490625
0 0.690625 0.5109375 0.0328125 0.1015625
1 0.609375 0.53125 0.03515625 0.14375
1 0.528125 0.53125 0.03515625 0.15625
1 0.4125 0.540625 0.05 0.1828125
1 0.2765625 0.546875 0.0578125 0.2078125
1 0.0796875 0.56015625 0.075 0.24609375