0 0.11953125 0.56796875 0.1171875 0.3890625
0 0.253125 0.56875 0.0859375 0.34375
0 0.31015625 0.55390625 0.0875 0.321875
0 0.440625 0.5890625 0.0890625 0.3234375
0 0.5921875 0.6140625 0.0953125 0.33125
0 0.65078125 0.63515625 0.1109375 0.353125
0 0.75234375 0.66953125 0.1453125 0.471875
0 0.8125 0.65078125 0.0921875 0.4078125
1 0.24453125 0.4859375 0.053125 0.146875
1 0.3625 0.5015625 0.0546875 0.15
1 0.471875 0.52109375 0.06875 0.16875
1 0.62734375 0.53671875 0.0734375 0.1796875
1 0.81171875 0.5625 0.0796875 0.196875