0 0.13046875 0.6140625 0.0703125 0.38359375
0 0.26328125 0.5984375 0.04453125 0.34140625
0 0.31796875 0.5765625 0.0484375 0.31875
0 0.4515625 0.5953125 0.05 0.3203125
0 0.60546875 0.60234375 0.05546875 0.3265625
0 0.66640625 0.615625 0.06953125 0.34765625
0 0.77109375 0.6375 0.0890625 0.46484375
0 0.82890625 0.61171875 0.04296875 0.40625
1 0.24453125 0.5171875 0.0359375 0.14296875
1 0.36328125 0.51796875 0.0375 0.14609375
1 0.475 0.52421875 0.04921875 0.1640625
1 0.63125 0.52109375 0.05234375 0.17421875
1 0.8171875 0.52421875 0.05625 0.19140625