0 0.10390625 0.4328125 0.1828125 0.4390625
0 0.15625 0.43125 0.1453125 0.340625
0 0.3390625 0.48203125 0.15 0.3578125
0 0.36640625 0.484375 0.1390625 0.3328125
0 0.51875 0.49609375 0.1359375 0.353125
0 0.56796875 0.53203125 0.171875 0.4265625
0 0.6859375 0.56171875 0.1296875 0.29375
0 0.75703125 0.57890625 0.1609375 0.3671875
0 0.853125 0.584375 0.153125 0.35625
0 0.8765625 0.58125 0.13125 0.325
1 0.19375 0.33828125 0.1046875 0.2046875
1 0.37265625 0.38515625 0.1015625 0.2
1 0.53046875 0.42265625 0.096875 0.1890625
1 0.69453125 0.46484375 0.0921875 0.184375
1 0.8421875 0.4984375 0.09375 0.1796875