0 0.1140625 0.52109375 0.1609375 0.3890625
0 0.246875 0.53828125 0.1265625 0.3421875
0 0.3046875 0.53046875 0.1234375 0.3203125
0 0.4296875 0.58046875 0.1265625 0.3234375
0 0.57734375 0.625 0.1328125 0.3296875
0 0.63359375 0.65234375 0.1515625 0.3546875
0 0.7296875 0.69921875 0.1984375 0.471875
0 0.7921875 0.68828125 0.140625 0.4046875
1 0.24765625 0.4546875 0.06875 0.146875
1 0.36328125 0.484375 0.071875 0.1515625
1 0.46953125 0.5171875 0.0875 0.171875
1 0.621875 0.55234375 0.0921875 0.18125
1 0.8015625 0.6 0.1015625 0.2