0 0.1 0.5375 0.07265625 0.43515625
0 0.15 0.52265625 0.059375 0.3375
0 0.33984375 0.52421875 0.0609375 0.3546875
0 0.3671875 0.51953125 0.05546875 0.32890625
0 0.5171875 0.49140625 0.046875 0.353125
0 0.57421875 0.51328125 0.0640625 0.425
0 0.6953125 0.51171875 0.05703125 0.2890625
0 0.76875 0.509375 0.06953125 0.36171875
0 0.8625 0.48984375 0.06484375 0.35078125
0 0.88515625 0.48125 0.0484375 0.32421875
1 0.1625 0.42265625 0.0546875 0.19765625
1 0.346875 0.421875 0.05390625 0.1921875
1 0.509375 0.4171875 0.0515625 0.18203125
1 0.67890625 0.415625 0.0484375 0.178125
1 0.83046875 0.41015625 0.0515625 0.17265625