0 0.06328125 0.62109375 0.0578125 0.3140625
0 0.1140625 0.57890625 0.05625 0.346875
0 0.16875 0.5953125 0.071875 0.4421875
0 0.246875 0.58359375 0.0734375 0.409375
0 0.2875 0.59296875 0.053125 0.3296875
0 0.4125 0.58203125 0.0703125 0.38125
0 0.4609375 0.58359375 0.0609375 0.3328125
0 0.59609375 0.57421875 0.0609375 0.3734375
0 0.646875 0.57890625 0.059375 0.38125
0 0.8 0.5734375 0.078125 0.365625
1 0.3125 0.5171875 0.0578125 0.1765625
1 0.4640625 0.5109375 0.0453125 0.184375
1 0.63359375 0.50390625 0.05625 0.190625
1 0.80390625 0.49921875 0.0640625 0.19375