0 0.0578125 0.5375 0.075 0.3359375
0 0.109375 0.5578125 0.078125 0.39375
0 0.17734375 0.53359375 0.084375 0.3125
0 0.325 0.54609375 0.0828125 0.3203125
0 0.43359375 0.5765625 0.0796875 0.359375
0 0.4734375 0.56015625 0.065625 0.3140625
0 0.634375 0.5625 0.084375 0.3625
0 0.825 0.58515625 0.096875 0.35625
1 0.8109375 0.515625 0.065625 0.178125
1 0.6546875 0.50625 0.065625 0.1734375
1 0.49375 0.496875 0.059375 0.1703125
1 0.3609375 0.48359375 0.0578125 0.165625
1 0.2203125 0.478125 0.05625 0.1640625