0 0.11015625 0.60859375 0.1265625 0.359375
0 0.2875 0.578125 0.0765625 0.34375
0 0.3234375 0.57578125 0.0859375 0.3859375
0 0.378125 0.6 0.128125 0.44375
0 0.45078125 0.53125 0.0875 0.328125
0 0.83203125 0.49609375 0.109375 0.35
0 0.72734375 0.48359375 0.0796875 0.2953125
0 0.69140625 0.490625 0.0671875 0.246875
0 0.54375 0.55390625 0.08125 0.3078125
0 0.60859375 0.53203125 0.065625 0.2828125
0 0.584375 0.5625 0.09375 0.3703125
1 0.65 0.440625 0.0546875 0.1453125
1 0.55234375 0.45703125 0.06875 0.159375
1 0.415625 0.475 0.065625 0.1625
1 0.28125 0.4921875 0.078125 0.1765625
1 0.09765625 0.51484375 0.0828125 0.1890625