0 0.078125 0.6359375 0.103125 0.3375
0 0.13203125 0.64453125 0.1109375 0.39375
0 0.19296875 0.60546875 0.109375 0.3140625
0 0.33984375 0.58359375 0.109375 0.3234375
0 0.45234375 0.58984375 0.109375 0.3609375
0 0.4875 0.56484375 0.0921875 0.315625
0 0.64453125 0.53046875 0.115625 0.3640625
0 0.8359375 0.51015625 0.1265625 0.3578125
1 0.80625 0.4453125 0.0796875 0.1796875
1 0.65234375 0.47109375 0.08125 0.1765625
1 0.49375 0.4984375 0.0734375 0.1734375
1 0.3609375 0.51484375 0.0703125 0.1671875
1 0.22265625 0.54140625 0.0703125 0.165625