0 0.13359375 0.4171875 0.0796875 0.1765625
0 0.1296875 0.60703125 0.14375 0.5203125
0 0.2015625 0.63125 0.1734375 0.5421875
0 0.32578125 0.51875 0.071875 0.2625
0 0.35 0.59375 0.1484375 0.49375
0 0.421875 0.57578125 0.128125 0.4390625
0 0.52578125 0.6375 0.171875 0.5484375
0 0.6171875 0.565625 0.1015625 0.315625
0 0.70078125 0.60234375 0.1203125 0.3453125
0 0.73984375 0.578125 0.0828125 0.3078125
0 0.784375 0.5890625 0.0765625 0.290625
0 0.81015625 0.61953125 0.121875 0.4015625
0 0.88046875 0.6234375 0.0953125 0.321875
1 0.68984375 0.51328125 0.0609375 0.1546875
1 0.59140625 0.5046875 0.065625 0.18125
1 0.4625 0.4875 0.0765625 0.1859375
1 0.3140625 0.47109375 0.0890625 0.2125
1 0.11796875 0.453125 0.115625 0.2484375