0 0.83828125 0.46640625 0.1671875 0.421875
0 0.06953125 0.65546875 0.1390625 0.3640625
0 0.15546875 0.6421875 0.134375 0.334375
0 0.340625 0.584375 0.1328125 0.353125
0 0.47578125 0.5375 0.153125 0.4078125
0 0.65390625 0.51171875 0.1515625 0.3734375
0 0.42109375 0.5828125 0.1796875 0.490625
0 0.24921875 0.609375 0.1921875 0.421875
1 0.15234375 0.559375 0.1015625 0.1921875
1 0.31171875 0.51640625 0.0984375 0.1921875
1 0.4640625 0.48046875 0.0984375 0.1984375
1 0.6453125 0.43359375 0.0953125 0.1921875
1 0.8203125 0.38984375 0.10625 0.2046875