0 0.83828125 0.5375 0.08125 0.4203125
0 0.04140625 0.56171875 0.0765625 0.3625
0 0.13359375 0.5671875 0.0671875 0.3328125
0 0.3265625 0.54921875 0.0625 0.353125
0 0.46796875 0.53125 0.0703125 0.409375
0 0.6484375 0.54296875 0.0765625 0.3703125
0 0.40546875 0.5640625 0.0796875 0.4921875
0 0.23203125 0.5546875 0.1109375 0.4125
1 0.14765625 0.4859375 0.065625 0.184375
1 0.3125 0.4765625 0.0625 0.1859375
1 0.46875 0.4734375 0.059375 0.19375
1 0.65625 0.465625 0.059375 0.1875
1 0.8359375 0.45859375 0.0671875 0.1984375