0 0.13203125 0.4234375 0.0765625 0.1765625
0 0.13125 0.6140625 0.1359375 0.5203125
0 0.20390625 0.63671875 0.1640625 0.5421875
0 0.3265625 0.521875 0.06875 0.2625
0 0.3515625 0.596875 0.140625 0.49375
0 0.42265625 0.57734375 0.1203125 0.4390625
0 0.528125 0.6375 0.1625 0.5484375
0 0.61796875 0.5640625 0.0953125 0.315625
0 0.70234375 0.5984375 0.115625 0.3453125
0 0.74140625 0.57421875 0.078125 0.3078125
0 0.7859375 0.584375 0.071875 0.290625
0 0.8125 0.6140625 0.115625 0.4015625
0 0.8828125 0.6171875 0.090625 0.321875
1 0.690625 0.51015625 0.059375 0.1546875
1 0.5921875 0.503125 0.0625 0.18125
1 0.4625 0.48828125 0.0734375 0.1859375
1 0.31328125 0.47421875 0.0859375 0.2109375
1 0.1171875 0.459375 0.1125 0.2484375