0 0.09453125 0.4703125 0.1671875 0.428125
0 0.19609375 0.47578125 0.171875 0.3984375
0 0.3859375 0.51328125 0.121875 0.3359375
0 0.41640625 0.56796875 0.1796875 0.5015625
0 0.54375 0.48984375 0.0890625 0.215625
0 0.55546875 0.58515625 0.171875 0.4359375
0 0.63125 0.571875 0.1546875 0.4109375
0 0.6875 0.56796875 0.13125 0.3078125
0 0.81328125 0.58828125 0.1203125 0.3109375
0 0.89296875 0.61953125 0.1359375 0.3515625
1 0.21015625 0.39296875 0.1109375 0.2109375
1 0.38828125 0.43203125 0.09375 0.1921875
1 0.52890625 0.4609375 0.08125 0.18125
1 0.7859375 0.5125 0.0796875 0.159375