0 0.09375 0.484375 0.1546875 0.4296875
0 0.1953125 0.48671875 0.159375 0.3984375
0 0.3859375 0.5171875 0.1109375 0.3359375
0 0.41875 0.5703125 0.1640625 0.503125
0 0.54296875 0.48828125 0.0828125 0.215625
0 0.5578125 0.58359375 0.1578125 0.4375
0 0.63359375 0.5671875 0.140625 0.4125
0 0.68984375 0.5609375 0.121875 0.3078125
0 0.81640625 0.57734375 0.1109375 0.3125
0 0.896875 0.60625 0.125 0.353125
1 0.20703125 0.403125 0.103125 0.2109375
1 0.3859375 0.4359375 0.0890625 0.1921875
1 0.52734375 0.46015625 0.0765625 0.18125
1 0.7859375 0.50234375 0.0734375 0.159375