0 0.1640625 0.60390625 0.05859375 0.33203125
0 0.33203125 0.58359375 0.05 0.31796875
0 0.38359375 0.58515625 0.034375 0.29453125
0 0.4859375 0.58359375 0.04453125 0.275
0 0.6328125 0.55859375 0.03828125 0.29921875
0 0.7140625 0.58515625 0.05625 0.32109375
0 0.77109375 0.55390625 0.04140625 0.26328125
1 0.175 0.50703125 0.05390625 0.17109375
1 0.33984375 0.5078125 0.04453125 0.16953125
1 0.4734375 0.5 0.040625 0.15078125
1 0.60859375 0.49453125 0.04140625 0.14296875
1 0.71953125 0.49609375 0.04140625 0.1515625