0 0.0859375 0.553125 0.06171875 0.33671875
0 0.26640625 0.5484375 0.0578125 0.33828125
0 0.3859375 0.55078125 0.05390625 0.35859375
0 0.4390625 0.5359375 0.0640625 0.36484375
0 0.59375 0.55390625 0.07734375 0.45703125
0 0.64375 0.54765625 0.05625 0.3609375
0 0.8453125 0.53046875 0.1015625 0.4203125
1 0.1171875 0.45390625 0.05546875 0.18671875
1 0.2890625 0.45625 0.059375 0.19140625
1 0.453125 0.45625 0.059375 0.2015625
1 0.646875 0.45 0.05859375 0.19921875
1 0.8359375 0.44375 0.06328125 0.20390625