0 0.10703125 0.6859375 0.1171875 0.3546875
0 0.184375 0.66953125 0.1015625 0.3015625
0 0.33359375 0.6296875 0.1125 0.33125
0 0.46953125 0.5953125 0.115625 0.3296875
0 0.565625 0.5890625 0.1234375 0.35625
0 0.64140625 0.57265625 0.125 0.3109375
0 0.78984375 0.53203125 0.121875 0.3578125
0 0.8375 0.51875 0.0984375 0.315625
1 0.19453125 0.58828125 0.0796875 0.1703125
1 0.33671875 0.55390625 0.0875 0.18125
1 0.47578125 0.52265625 0.08125 0.1765625
1 0.6390625 0.48515625 0.08125 0.1828125
1 0.79609375 0.44453125 0.0875 0.171875