0 0.07890625 0.6078125 0.0515625 0.3515625
0 0.1578125 0.60625 0.0453125 0.29765625
0 0.31171875 0.5953125 0.05078125 0.32734375
0 0.45234375 0.5875 0.05390625 0.325
0 0.54765625 0.6 0.0578125 0.35234375
0 0.625 0.5984375 0.06875 0.30390625
0 0.778125 0.58671875 0.05546875 0.353125
0 0.82734375 0.5828125 0.0390625 0.3140625
1 0.18359375 0.528125 0.05 0.16328125
1 0.3296875 0.521875 0.05546875 0.1734375
1 0.471875 0.51796875 0.04921875 0.16953125
1 0.6390625 0.51171875 0.04765625 0.1765625
1 0.8015625 0.50234375 0.05703125 0.16328125