0 0.12734375 0.58046875 0.0734375 0.4140625
0 0.17734375 0.58359375 0.0546875 0.3265625
0 0.24375 0.57734375 0.0859375 0.4140625
0 0.346875 0.5703125 0.0796875 0.3546875
0 0.5 0.55546875 0.0671875 0.3671875
0 0.5640625 0.56875 0.06875 0.35
0 0.65234375 0.56015625 0.0703125 0.3984375
0 0.71015625 0.55859375 0.06875 0.378125
0 0.9109375 0.553125 0.1015625 0.384375
1 0.87578125 0.478125 0.05 0.1953125
1 0.703125 0.47890625 0.059375 0.1796875
1 0.51875 0.4875 0.0546875 0.175
1 0.3703125 0.496875 0.0515625 0.1828125
1 0.2046875 0.50078125 0.040625 0.1671875