0 0.14921875 0.65078125 0.1515625 0.41875
0 0.19921875 0.64375 0.115625 0.328125
0 0.26328125 0.625 0.1625 0.4203125
0 0.3625 0.5984375 0.146875 0.3609375
0 0.5109375 0.5546875 0.1359375 0.3703125
0 0.57578125 0.5546875 0.1328125 0.353125
0 0.6609375 0.5296875 0.1453125 0.4015625
0 0.71796875 0.51796875 0.1390625 0.3828125
0 0.91328125 0.4734375 0.1734375 0.39375
1 0.8640625 0.40625 0.0859375 0.2
1 0.6953125 0.440625 0.09375 0.1875
1 0.515625 0.48359375 0.0875 0.18125
1 0.371875 0.521875 0.084375 0.1875
1 0.21015625 0.55703125 0.071875 0.171875