0 0.90546875 0.603125 0.07109375 0.359375
0 0.78046875 0.61875 0.06015625 0.33359375
0 0.66171875 0.6046875 0.06640625 0.428125
0 0.53515625 0.59765625 0.07734375 0.43828125
0 0.4046875 0.621875 0.071875 0.4140625
0 0.26796875 0.640625 0.0859375 0.415625
0 0.17890625 0.65 0.071875 0.45390625
0 0.04609375 0.65546875 0.08671875 0.43203125
1 0.1171875 0.528125 0.06640625 0.24140625
1 0.26171875 0.45390625 0.07421875 0.090625
1 0.396875 0.45 0.06796875 0.07265625
1 0.52265625 0.44609375 0.05859375 0.0484375
1 0.63984375 0.45390625 0.0515625 0.06328125
1 0.7609375 0.46328125 0.059375 0.09296875
1 0.87421875 0.5078125 0.05859375 0.1984375
1 0.9765625 0.51015625 0.046875 0.18984375