0 0.21171875 0.615625 0.153125 0.5296875
0 0.53984375 0.515625 0.1265625 0.428125
0 0.6640625 0.4671875 0.1046875 0.4453125
0 0.76796875 0.45859375 0.0984375 0.4078125
0 0.8546875 0.46171875 0.0875 0.315625
1 0.86171875 0.34453125 0.0546875 0.1390625
1 0.92421875 0.36015625 0.05625 0.165625
1 0.36796875 0.43203125 0.096875 0.2515625
1 0.20078125 0.39453125 0.1 0.153125
1 0.5015625 0.4171875 0.0890625 0.23125
1 0.6046875 0.409375 0.059375 0.20625
1 0.7078125 0.3875 0.05625 0.19375
1 0.79765625 0.3796875 0.046875 0.1765625