1 0.10078125 0.5546875 0.1109375 0.20625
1 0.22578125 0.51484375 0.1046875 0.2
1 0.34375 0.48515625 0.1 0.190625
1 0.43203125 0.38515625 0.059375 0.05
1 0.55234375 0.41875 0.0890625 0.175
1 0.65390625 0.3828125 0.090625 0.171875
1 0.7453125 0.3609375 0.0859375 0.165625
1 0.8328125 0.33203125 0.084375 0.1609375
0 0.08671875 0.6484375 0.1734375 0.41875
0 0.18671875 0.63515625 0.159375 0.375
0 0.47578125 0.509375 0.153125 0.3546875
0 0.690625 0.4390625 0.146875 0.3390625
0 0.8984375 0.38515625 0.140625 0.334375