1 0.1125 0.3875 0.0921875 0.2046875
1 0.24296875 0.40234375 0.0859375 0.1984375
1 0.36328125 0.42265625 0.0828125 0.1890625
1 0.484375 0.36796875 0.05625 0.0453125
1 0.58125 0.446875 0.0734375 0.1734375
1 0.68828125 0.45546875 0.075 0.1703125
1 0.78046875 0.47265625 0.0703125 0.1640625
1 0.871875 0.48203125 0.0703125 0.159375
0 0.0640625 0.465625 0.128125 0.41875
0 0.15859375 0.49609375 0.1234375 0.3765625
0 0.47421875 0.49921875 0.11875 0.3546875
0 0.69921875 0.521875 0.1140625 0.3390625
0 0.9109375 0.55703125 0.109375 0.3359375