1 0.09921875 0.596875 0.0984375 0.2125
1 0.240625 0.5765625 0.09375 0.2078125
1 0.3578125 0.509375 0.0703125 0.11875
1 0.59140625 0.509375 0.0796875 0.190625
1 0.6953125 0.49140625 0.059375 0.18125
1 0.80234375 0.471875 0.0703125 0.18125
1 0.9046875 0.453125 0.075 0.178125
0 0.1 0.68671875 0.184375 0.421875
0 0.2328125 0.70546875 0.128125 0.365625
0 0.3875 0.66328125 0.121875 0.35
0 0.5078125 0.6171875 0.1296875 0.378125
0 0.63515625 0.5921875 0.13125 0.3734375
0 0.74140625 0.5625 0.11875 0.3703125
0 0.85859375 0.546875 0.115625 0.340625
0 0.95390625 0.5109375 0.0921875 0.33125
1 0.46875 0.4578125 0.0609375 0.0578125