1 0.06796875 0.45390625 0.0515625 0.10625
1 0.21796875 0.4984375 0.0671875 0.2046875
1 0.334375 0.48359375 0.0609375 0.1890625
1 0.43125 0.47421875 0.0453125 0.175
1 0.5125 0.46015625 0.053125 0.1640625
1 0.584375 0.45078125 0.0421875 0.15
1 0.64375 0.40234375 0.0296875 0.05625
0 0.696875 0.4375 0.034375 0.1328125
0 0.12265625 0.61953125 0.1140625 0.4625
0 0.2765625 0.58125 0.0875 0.4109375
0 0.38671875 0.5484375 0.08125 0.3796875
0 0.47578125 0.534375 0.0828125 0.3421875
0 0.55625 0.5375 0.05625 0.278125
0 0.628125 0.5125 0.0546875 0.2703125
0 0.6765625 0.49375 0.0484375 0.259375
0 0.7421875 0.48125 0.0609375 0.26875