0 0.221875 0.4578125 0.0859375 0.2421875
0 0.31328125 0.4703125 0.0984375 0.2625
0 0.4765625 0.5140625 0.0875 0.2390625
0 0.57578125 0.5140625 0.09375 0.259375
0 0.7328125 0.54921875 0.0875 0.2453125
0 0.828125 0.56640625 0.0859375 0.2515625
1 0.2578125 0.40234375 0.0625 0.14375
1 0.3453125 0.42265625 0.0484375 0.1390625
1 0.41640625 0.43671875 0.059375 0.1359375
1 0.5046875 0.41640625 0.0453125 0.0625
1 0.5828125 0.41484375 0.0453125 0.046875
1 0.6578125 0.478125 0.05625 0.128125
1 0.81015625 0.5078125 0.05 0.1296875