0 0.2234375 0.44765625 0.09375 0.2421875
0 0.3140625 0.4640625 0.1078125 0.2625
0 0.47578125 0.51328125 0.0953125 0.240625
0 0.57578125 0.5171875 0.103125 0.259375
0 0.73046875 0.5578125 0.0953125 0.2453125
0 0.82578125 0.57734375 0.0953125 0.2515625
1 0.2609375 0.39375 0.0671875 0.14375
1 0.3484375 0.4171875 0.053125 0.1390625
1 0.41875 0.434375 0.0640625 0.1359375
1 0.5078125 0.41640625 0.0484375 0.0625
1 0.5859375 0.41796875 0.046875 0.046875
1 0.65859375 0.48359375 0.0609375 0.128125
1 0.81015625 0.51875 0.053125 0.13125