1 0.1109375 0.40703125 0.0671875 0.2078125
1 0.24609375 0.34453125 0.0625 0.07890625
1 0.37421875 0.4046875 0.059375 0.184375
1 0.48828125 0.40234375 0.05390625 0.1859375
1 0.59375 0.39765625 0.05 0.17265625
1 0.69765625 0.396875 0.04140625 0.1609375
1 0.79140625 0.39140625 0.046875 0.1609375
0 0.09140625 0.51328125 0.06796875 0.3796875
0 0.20859375 0.49453125 0.08515625 0.44375
0 0.26015625 0.5015625 0.04453125 0.32734375
0 0.67890625 0.475 0.05546875 0.32421875
0 0.91484375 0.46171875 0.04140625 0.3015625
0 0.8703125 0.47109375 0.07890625 0.42578125