0 0.2171875 0.30546875 0.05 0.0578125
0 0.20078125 0.45078125 0.1078125 0.2453125
0 0.27265625 0.4734375 0.103125 0.2640625
0 0.32578125 0.48515625 0.140625 0.3390625
0 0.396875 0.50859375 0.1515625 0.378125
0 0.490625 0.5453125 0.16875 0.43125
0 0.61328125 0.60703125 0.184375 0.4734375
0 0.7140625 0.68984375 0.228125 0.6203125
1 0.240625 0.371875 0.06875 0.1453125
1 0.34453125 0.34296875 0.0515625 0.0578125
1 0.46953125 0.44140625 0.0859375 0.1953125
1 0.57109375 0.4703125 0.0984375 0.221875
1 0.69375 0.5078125 0.1015625 0.2421875
1 0.83671875 0.55078125 0.134375 0.2875
1 0.29609375 0.33359375 0.040625 0.0453125
1 0.4046875 0.35859375 0.0359375 0.0546875