0 0.80859375 0.6921875 0.2359375 0.615625
0 0.4375 0.60546875 0.1859375 0.578125
0 0.32265625 0.55859375 0.1453125 0.4484375
0 0.03828125 0.453125 0.0765625 0.30625
0 0.08984375 0.48125 0.109375 0.315625
0 0.2359375 0.54375 0.115625 0.3609375
0 0.275 0.33515625 0.0578125 0.071875
1 0.10390625 0.35078125 0.0578125 0.084375
1 0.16015625 0.409375 0.0765625 0.184375
1 0.31875 0.403125 0.0625 0.103125
1 0.23671875 0.36875 0.04375 0.0609375
1 0.4015625 0.471875 0.0828125 0.2171875
1 0.5296875 0.51171875 0.0984375 0.2515625
1 0.6671875 0.55 0.134375 0.2828125
1 0.90078125 0.5046875 0.065625 0.1109375