0 0.83671875 0.67109375 0.1453125 0.6578125
0 0.453125 0.61328125 0.1078125 0.5734375
0 0.33203125 0.5828125 0.084375 0.4453125
0 0.0265625 0.51953125 0.053125 0.3046875
0 0.09140625 0.5390625 0.0671875 0.3125
0 0.24453125 0.58046875 0.065625 0.359375
0 0.2546875 0.36796875 0.05 0.0671875
1 0.0875 0.40703125 0.046875 0.078125
1 0.15078125 0.45703125 0.0515625 0.1796875
1 0.30703125 0.42890625 0.05 0.0984375
1 0.22109375 0.40625 0.0375 0.0578125
1 0.39921875 0.48515625 0.0546875 0.2125
1 0.53125 0.50703125 0.065625 0.2484375
1 0.67265625 0.5265625 0.0984375 0.2734375
1 0.89765625 0.44921875 0.0515625 0.10625