0 0.05546875 0.48671875 0.0890625 0.4015625
0 0.434375 0.5265625 0.059375 0.321875
0 0.49765625 0.53515625 0.0546875 0.346875
0 0.740625 0.51015625 0.08125 0.4125
0 0.87421875 0.51875 0.0671875 0.3953125
1 0.10546875 0.409375 0.0703125 0.2
1 0.234375 0.415625 0.0671875 0.196875
1 0.35625 0.42421875 0.0625 0.1921875
1 0.475 0.384375 0.0640625 0.115625
1 0.5953125 0.43203125 0.0625 0.190625
1 0.71484375 0.42890625 0.0515625 0.1890625
1 0.8359375 0.43359375 0.0546875 0.184375
1 0.96328125 0.4390625 0.05625 0.1890625