0 0.14375 0.5359375 0.05625 0.32265625
0 0.278125 0.5875 0.0421875 0.35703125
0 0.2421875 0.58046875 0.034375 0.32421875
0 0.37109375 0.57265625 0.0625 0.46953125
0 0.4875 0.596875 0.0796875 0.49140625
0 0.64453125 0.6171875 0.08671875 0.5671875
0 0.75234375 0.70546875 0.0890625 0.58203125
1 0.2109375 0.4609375 0.0375 0.15625
1 0.275 0.39921875 0.04375 0.04140625
1 0.3421875 0.4109375 0.0421875 0.071875
1 0.4375 0.47734375 0.0609375 0.2078125
1 0.54921875 0.49140625 0.06171875 0.2390625
1 0.70390625 0.44375 0.05859375 0.15625
1 0.875 0.5140625 0.10546875 0.31953125