0 0.20234375 0.5421875 0.1453125 0.3625
0 0.43125 0.484375 0.1296875 0.3515625
0 0.65546875 0.45 0.13125 0.315625
0 0.7671875 0.428125 0.1328125 0.3296875
0 0.87578125 0.4015625 0.159375 0.378125
1 0.0703125 0.4921875 0.1015625 0.190625
1 0.1765625 0.40546875 0.06875 0.075
1 0.3078125 0.43984375 0.09375 0.1859375
1 0.40234375 0.35546875 0.0671875 0.0671875
1 0.521875 0.39453125 0.0859375 0.1796875
1 0.6171875 0.37421875 0.0703125 0.1671875
1 0.721875 0.35078125 0.08125 0.1703125
1 0.8140625 0.32890625 0.0875 0.1703125