0 0.215625 0.50859375 0.0703125 0.35625
0 0.446875 0.5015625 0.0515625 0.34609375
0 0.665625 0.51015625 0.05 0.31875
0 0.778125 0.51328125 0.0578125 0.3078125
0 0.8484375 0.50703125 0.053125 0.328125
1 0.0953125 0.428125 0.0625 0.1875
1 0.215625 0.36796875 0.065625 0.071875
1 0.3359375 0.43046875 0.0546875 0.17890625
1 0.44453125 0.3765625 0.05546875 0.05390625
1 0.55390625 0.43359375 0.046875 0.165625
1 0.65625 0.38203125 0.04765625 0.065625
1 0.75546875 0.38671875 0.04296875 0.071875
1 0.85234375 0.3734375 0.05546875 0.05859375