0 0.2046875 0.55234375 0.1578125 0.3609375
0 0.43125 0.48671875 0.140625 0.35
0 0.653125 0.44453125 0.140625 0.315625
0 0.76484375 0.41875 0.1421875 0.3296875
0 0.871875 0.38828125 0.171875 0.3765625
1 0.0703125 0.50703125 0.1078125 0.190625
1 0.1734375 0.4171875 0.0703125 0.0765625
1 0.30625 0.446875 0.0984375 0.1875
1 0.39765625 0.359375 0.0671875 0.0671875
1 0.51875 0.39375 0.090625 0.1796875
1 0.6125 0.3703125 0.075 0.1671875
1 0.7171875 0.34296875 0.0875 0.171875
1 0.8078125 0.31796875 0.0921875 0.1703125