1 0.1734375 0.45546875 0.0703125 0.1828125
1 0.278125 0.38671875 0.065625 0.06875
1 0.39375 0.434375 0.059375 0.1671875
1 0.4953125 0.42578125 0.0609375 0.165625
1 0.59765625 0.41484375 0.046875 0.1625
1 0.6828125 0.41015625 0.040625 0.159375
1 0.78046875 0.4 0.0515625 0.15
1 0.8859375 0.3890625 0.0375 0.15625
0 0.11328125 0.5734375 0.1125 0.428125
0 0.29296875 0.58671875 0.1515625 0.55
0 0.57578125 0.5109375 0.0734375 0.315625
0 0.71640625 0.478125 0.0765625 0.2921875
0 0.8140625 0.46875 0.078125 0.29375
0 0.8609375 0.4609375 0.06875 0.321875