1 0.1875 0.446875 0.046875 0.1421875
1 0.2640625 0.38984375 0.05 0.0390625
1 0.353125 0.45234375 0.05 0.159375
1 0.4390625 0.453125 0.05625 0.159375
1 0.5484375 0.45546875 0.0359375 0.165625
1 0.64296875 0.39921875 0.0484375 0.053125
1 0.76015625 0.39921875 0.0640625 0.06875
1 0.884375 0.38984375 0.0671875 0.05
0 0.1484375 0.51484375 0.059375 0.2609375
0 0.22734375 0.525 0.0515625 0.25625
0 0.28203125 0.52265625 0.06875 0.365625
0 0.32265625 0.50390625 0.04375 0.278125
0 0.4234375 0.5203125 0.0671875 0.315625
0 0.51796875 0.52578125 0.06875 0.3453125
0 0.62734375 0.528125 0.0890625 0.365625
0 0.7515625 0.53984375 0.08125 0.3515625
0 0.934375 0.60546875 0.0984375 0.4
0 0.89921875 0.53828125 0.08125 0.384375