1 0.1140625 0.4375 0.0625 0.153125
1 0.20625 0.45 0.05625 0.153125
1 0.296875 0.45546875 0.0578125 0.153125
1 0.3859375 0.4609375 0.0609375 0.153125
1 0.48046875 0.4703125 0.0546875 0.1421875
1 0.578125 0.4390625 0.053125 0.075
1 0.6765625 0.45078125 0.053125 0.0734375
1 0.77265625 0.496875 0.0625 0.15625
0 0.7875 0.56640625 0.0875 0.3265625
0 0.66953125 0.575 0.0734375 0.28125
0 0.56875 0.56328125 0.08125 0.2890625
0 0.4609375 0.54375 0.0875 0.3
0 0.35234375 0.52890625 0.08125 0.3265625
0 0.26953125 0.509375 0.0796875 0.3109375
0 0.16875 0.52421875 0.0859375 0.2671875
0 0.06640625 0.50703125 0.0703125 0.2765625