0 0.20234375 0.490625 0.0328125 0.23828125
0 0.2515625 0.51171875 0.0375 0.2203125
0 0.4140625 0.5234375 0.046875 0.32890625
0 0.48203125 0.525 0.0578125 0.38515625
1 0.2625 0.428125 0.02890625 0.11640625
1 0.3015625 0.43984375 0.03046875 0.13984375
1 0.34609375 0.4421875 0.03515625 0.14609375
1 0.39765625 0.39609375 0.02265625 0.0546875
1 0.46328125 0.3828125 0.03359375 0.03828125
1 0.546875 0.4578125 0.0546875 0.19765625
1 0.65234375 0.46015625 0.0625 0.2265625
1 0.78671875 0.47265625 0.07890625 0.25625