0 0.06171875 0.515625 0.084375 0.30625
0 0.1328125 0.5125 0.06875 0.275
0 0.19609375 0.4921875 0.0640625 0.2625
0 0.225 0.52265625 0.0578125 0.271875
0 0.2546875 0.5359375 0.0828125 0.340625
0 0.3171875 0.53359375 0.0796875 0.2890625
0 0.3640625 0.53359375 0.0640625 0.2546875
0 0.43203125 0.525 0.08125 0.328125
0 0.52265625 0.54140625 0.078125 0.3015625
0 0.5609375 0.59375 0.1203125 0.3953125
0 0.6453125 0.59609375 0.0890625 0.3125
0 0.75859375 0.60625 0.1140625 0.4390625
0 0.79453125 0.59765625 0.096875 0.378125
0 0.90546875 0.6234375 0.1046875 0.3890625
1 0.32265625 0.41015625 0.0515625 0.0625
1 0.3921875 0.46796875 0.0546875 0.1578125
1 0.4765625 0.478125 0.0625 0.1671875
1 0.56328125 0.43046875 0.0359375 0.0546875
1 0.67265625 0.5015625 0.0671875 0.175
1 0.8171875 0.45234375 0.03125 0.0609375
1 0.9328125 0.47109375 0.0703125 0.0765625