0 0.059375 0.64765625 0.1125 0.3171875
0 0.15859375 0.6078125 0.1078125 0.2734375
0 0.22890625 0.58125 0.0953125 0.2625
0 0.2625 0.5921875 0.078125 0.2578125
0 0.29140625 0.61171875 0.1140625 0.340625
0 0.290625 0.4875 0.0359375 0.0734375
0 0.35078125 0.59140625 0.1140625 0.2921875
0 0.3703125 0.484375 0.0421875 0.075
0 0.425 0.5703125 0.121875 0.359375
0 0.4671875 0.5484375 0.103125 0.3125
0 0.5140625 0.56796875 0.125 0.3625
0 0.56484375 0.5375 0.1203125 0.325
0 0.64765625 0.5734375 0.13125 0.34375
0 0.678125 0.53671875 0.125 0.340625
0 0.78515625 0.415625 0.1203125 0.215625
0 0.846875 0.53125 0.14375 0.4140625
0 0.9296875 0.50078125 0.140625 0.3859375
1 0.90859375 0.34609375 0.084375 0.084375
1 0.771875 0.3609375 0.0671875 0.0625
1 0.68359375 0.44765625 0.075 0.18125
1 0.56640625 0.44453125 0.059375 0.115625
1 0.46640625 0.43046875 0.0515625 0.0609375
1 0.38671875 0.4453125 0.04375 0.0515625
1 0.31953125 0.46328125 0.05 0.0515625