1 0.13125 0.45625 0.046875 0.0421875
1 0.209375 0.496875 0.059375 0.1625
1 0.28671875 0.48671875 0.0671875 0.178125
1 0.37734375 0.47578125 0.075 0.178125
1 0.47265625 0.4578125 0.071875 0.1859375
1 0.5640625 0.3765625 0.05625 0.071875
1 0.6921875 0.35 0.0765625 0.0890625
1 0.8359375 0.30546875 0.08125 0.059375
0 0.85546875 0.496875 0.159375 0.4875
0 0.7078125 0.5203125 0.125 0.4171875
0 0.625 0.54453125 0.1296875 0.459375
0 0.54453125 0.52109375 0.10625 0.4078125
0 0.3453125 0.54296875 0.1125 0.36875
0 0.25546875 0.57109375 0.0921875 0.3140625
0 0.196875 0.58125 0.084375 0.29375
0 0.14296875 0.596875 0.09375 0.2921875
0 0.0765625 0.5859375 0.0953125 0.3109375