1 0.14375 0.4171875 0.034375 0.046875
1 0.23203125 0.4703125 0.05 0.153125
1 0.3203125 0.4171875 0.0296875 0.053125
1 0.39609375 0.4203125 0.0296875 0.059375
1 0.5 0.47109375 0.0515625 0.1625
1 0.61640625 0.4703125 0.0359375 0.171875
1 0.715625 0.4109375 0.0609375 0.0625
1 0.82734375 0.42265625 0.0375 0.0890625
0 0.0640625 0.56953125 0.059375 0.38125
0 0.11328125 0.56015625 0.0515625 0.3375
0 0.1796875 0.5453125 0.0609375 0.384375
0 0.2875 0.42265625 0.0390625 0.075
0 0.2984375 0.55234375 0.0578125 0.2734375
0 0.34765625 0.58046875 0.0890625 0.34375
0 0.42109375 0.58046875 0.065625 0.3890625
0 0.484375 0.56875 0.05625 0.2796875
0 0.58671875 0.37890625 0.0375 0.0375
0 0.5921875 0.56875 0.084375 0.36875
0 0.715625 0.55390625 0.0828125 0.3609375
0 0.92421875 0.60859375 0.0875 0.4640625
0 0.85859375 0.5796875 0.053125 0.3859375
0 0.825 0.5140625 0.0390625 0.25625