0 0.07578125 0.59296875 0.0921875 0.4078125
0 0.12578125 0.54921875 0.0609375 0.2984375
0 0.209375 0.5546875 0.059375 0.3
0 0.296875 0.55390625 0.059375 0.3046875
0 0.35390625 0.571875 0.0765625 0.3515625
0 0.4 0.56171875 0.05 0.3015625
0 0.4515625 0.596875 0.075 0.3515625
0 0.50234375 0.559375 0.0640625 0.309375
0 0.584375 0.58046875 0.1015625 0.3890625
0 0.60625 0.46484375 0.040625 0.0921875
0 0.7109375 0.5578125 0.0765625 0.353125
0 0.76796875 0.5640625 0.08125 0.3875
0 0.84140625 0.40859375 0.0546875 0.1078125
0 0.865625 0.45390625 0.084375 0.1734375
0 0.94765625 0.66328125 0.1046875 0.6296875
1 0.16171875 0.490625 0.05 0.15
1 0.2484375 0.49140625 0.046875 0.1609375
1 0.3265625 0.42890625 0.04375 0.0484375
1 0.41015625 0.440625 0.053125 0.0671875
1 0.50703125 0.4421875 0.0546875 0.0828125
1 0.61484375 0.4828125 0.059375 0.1765625
1 0.7296875 0.4171875 0.0484375 0.0578125
1 0.84375 0.41484375 0.065625 0.065625