1 0.18671875 0.55390625 0.078125 0.15
1 0.2640625 0.49296875 0.05 0.0640625
1 0.3515625 0.46953125 0.0484375 0.06875
1 0.44140625 0.4265625 0.0265625 0.0359375
1 0.51953125 0.4265625 0.059375 0.0734375
1 0.60390625 0.38359375 0.05625 0.0484375
1 0.696875 0.37265625 0.0515625 0.06875
1 0.78984375 0.36015625 0.065625 0.1
0 0.1 0.6578125 0.1265625 0.2875
0 0.16796875 0.6265625 0.1203125 0.2859375
0 0.271875 0.590625 0.121875 0.275
0 0.3390625 0.58515625 0.121875 0.33125
0 0.3703125 0.575 0.096875 0.2609375
0 0.44609375 0.54921875 0.1078125 0.290625
0 0.48671875 0.55078125 0.125 0.3375
0 0.5453125 0.53515625 0.096875 0.2515625
0 0.62421875 0.49453125 0.1046875 0.2875
0 0.67578125 0.52265625 0.121875 0.3203125
0 0.72578125 0.47109375 0.1046875 0.2828125
0 0.76484375 0.4796875 0.121875 0.325
0 0.8375 0.4546875 0.1109375 0.265625
0 0.88125 0.43984375 0.1390625 0.3453125