1 0.19140625 0.421875 0.06875 0.1484375
1 0.2875 0.39765625 0.046875 0.0625
1 0.3765625 0.41171875 0.04375 0.06875
1 0.4765625 0.409375 0.0234375 0.0359375
1 0.54765625 0.440625 0.0546875 0.0703125
1 0.6421875 0.4359375 0.053125 0.0453125
1 0.73203125 0.4640625 0.046875 0.0671875
1 0.82109375 0.48984375 0.0609375 0.0984375
0 0.0703125 0.48125 0.1078125 0.2875
0 0.1453125 0.48046875 0.103125 0.2859375
0 0.2546875 0.48984375 0.1046875 0.275
0 0.31875 0.5125 0.1 0.3328125
0 0.3515625 0.515625 0.0796875 0.2609375
0 0.43125 0.52265625 0.0875 0.2921875
0 0.4671875 0.54140625 0.103125 0.3390625
0 0.5265625 0.55078125 0.08125 0.2515625
0 0.615625 0.54609375 0.0859375 0.2890625
0 0.65078125 0.5921875 0.1015625 0.321875
0 0.71796875 0.565625 0.0859375 0.284375
0 0.75 0.5890625 0.1 0.3265625
0 0.8265625 0.5953125 0.09375 0.265625
0 0.87265625 0.6 0.1171875 0.346875