0 0.07578125 0.61328125 0.0765625 0.253125
0 0.1171875 0.59765625 0.090625 0.2890625
0 0.2046875 0.58515625 0.0953125 0.303125
0 0.2921875 0.58671875 0.1 0.3078125
0 0.38359375 0.60546875 0.1234375 0.4125
0 0.496875 0.57421875 0.1015625 0.3171875
0 0.59765625 0.57890625 0.09375 0.315625
0 0.70625 0.55234375 0.109375 0.3640625
0 0.7640625 0.5546875 0.1265625 0.4015625
0 0.8578125 0.53046875 0.134375 0.4015625
1 0.1515625 0.5328125 0.06875 0.1578125
1 0.23515625 0.5234375 0.0625 0.1671875
1 0.31640625 0.51796875 0.0625 0.165625
1 0.41171875 0.5046875 0.0625 0.1703125
1 0.50859375 0.49296875 0.0578125 0.16875
1 0.6046875 0.4828125 0.071875 0.1765625
1 0.7171875 0.4078125 0.0421875 0.0578125
1 0.828125 0.396875 0.071875 0.0703125