0 0.071875 0.5703125 0.07109375 0.40390625
0 0.1234375 0.5296875 0.0453125 0.29609375
0 0.20703125 0.5390625 0.04453125 0.2984375
0 0.29453125 0.54296875 0.04296875 0.303125
0 0.35 0.5640625 0.05859375 0.3484375
0 0.396875 0.55625 0.03359375 0.3
0 0.446875 0.59453125 0.05625 0.34921875
0 0.49921875 0.559375 0.04765625 0.3078125
0 0.5796875 0.584375 0.08125 0.3859375
0 0.6078125 0.4703125 0.0359375 0.08984375
0 0.7078125 0.56875 0.0578125 0.35
0 0.7640625 0.578125 0.06171875 0.38515625
0 0.84609375 0.4265625 0.05 0.10546875
0 0.8671875 0.4734375 0.07578125 0.16953125
0 0.95078125 0.6875 0.0953125 0.625
1 0.1625 0.47265625 0.04296875 0.1484375
1 0.24921875 0.478125 0.0390625 0.159375
1 0.33046875 0.4203125 0.040625 0.046875
1 0.41328125 0.4359375 0.05 0.06484375
1 0.51015625 0.44296875 0.05078125 0.0796875
1 0.615625 0.4890625 0.05078125 0.17421875
1 0.73359375 0.4296875 0.0453125 0.05625
1 0.84765625 0.4328125 0.06171875 0.06171875