0 0.06796875 0.515625 0.0765625 0.31875
0 0.16328125 0.4140625 0.0265625 0.071875
0 0.184375 0.52890625 0.06875 0.3125
0 0.2375 0.52109375 0.040625 0.2734375
0 0.27265625 0.53671875 0.0703125 0.353125
0 0.334375 0.5359375 0.0609375 0.2875
0 0.40234375 0.5765625 0.084375 0.315625
0 0.5140625 0.56328125 0.065625 0.309375
0 0.62265625 0.575 0.0640625 0.31875
0 0.746875 0.59453125 0.0890625 0.3390625
0 0.86875 0.6203125 0.0546875 0.340625
0 0.9203125 0.64609375 0.10625 0.409375
1 0.2125 0.4578125 0.03125 0.140625
1 0.2953125 0.465625 0.025 0.14375
1 0.37109375 0.44453125 0.0328125 0.0875
1 0.45390625 0.48671875 0.04375 0.146875
1 0.546875 0.49609375 0.04375 0.15625
1 0.65078125 0.46953125 0.0375 0.0890625
1 0.74296875 0.45390625 0.0390625 0.0484375
1 0.8734375 0.47890625 0.0609375 0.075