0 0.396875 0.6359375 0.1546875 0.5203125
0 0.53359375 0.625 0.178125 0.5546875
0 0.825 0.54296875 0.0921875 0.2890625
0 0.76015625 0.57265625 0.1171875 0.30625
0 0.690625 0.5453125 0.1046875 0.309375
0 0.6078125 0.596875 0.1015625 0.3359375
0 0.471875 0.57890625 0.128125 0.4015625
0 0.303125 0.5359375 0.128125 0.3625
0 0.13671875 0.53203125 0.1171875 0.3796875
0 0.196875 0.58515625 0.18125 0.490625
1 0.1703125 0.36953125 0.059375 0.08125
1 0.31640625 0.39140625 0.0671875 0.08125
1 0.4140625 0.39921875 0.0375 0.059375
1 0.5265625 0.41015625 0.0390625 0.05625
1 0.6046875 0.43046875 0.0421875 0.0734375
1 0.66328125 0.48359375 0.0578125 0.15
1 0.7421875 0.4453125 0.040625 0.0546875