0 0.778125 0.5203125 0.090625 0.2640625
0 0.73671875 0.540625 0.121875 0.365625
0 0.56875 0.49609375 0.084375 0.2578125
0 0.6640625 0.50546875 0.08125 0.2046875
0 0.61015625 0.4984375 0.059375 0.18125
0 0.62890625 0.51328125 0.09375 0.2765625
0 0.190625 0.4828125 0.1578125 0.4453125
0 0.24765625 0.365625 0.090625 0.1375
0 0.3609375 0.47578125 0.10625 0.309375
0 0.29609375 0.534375 0.15 0.4328125
0 0.42578125 0.5203125 0.125 0.35625
0 0.48203125 0.54296875 0.134375 0.3734375
1 0.1703125 0.39140625 0.08125 0.1921875
1 0.34765625 0.3640625 0.05625 0.0734375
1 0.45546875 0.38046875 0.0515625 0.0640625
1 0.5453125 0.43984375 0.0546875 0.1328125
1 0.6140625 0.44921875 0.0546875 0.11875