0 0.26328125 0.5890625 0.109375 0.2921875
0 0.30234375 0.55234375 0.10625 0.3375
0 0.35234375 0.55390625 0.1609375 0.4046875
0 0.48984375 0.58671875 0.128125 0.3734375
0 0.66171875 0.55625 0.15625 0.4453125
0 0.50625 0.51640625 0.109375 0.346875
0 0.6046875 0.47734375 0.096875 0.303125
0 0.58203125 0.484375 0.109375 0.29375
0 0.7171875 0.45234375 0.10625 0.2921875
0 0.80625 0.4328125 0.103125 0.265625
0 0.8984375 0.4546875 0.1140625 0.3296875
1 0.27578125 0.428125 0.0609375 0.059375
1 0.43203125 0.45078125 0.0734375 0.1640625
1 0.5484375 0.4265625 0.0703125 0.1609375
1 0.6671875 0.403125 0.059375 0.140625
1 0.7625 0.375 0.0640625 0.13125