0 0.0984375 0.6 0.1265625 0.359375
0 0.17890625 0.5734375 0.1390625 0.353125
0 0.2640625 0.5671875 0.1484375 0.36875
0 0.32734375 0.54765625 0.10625 0.29375
0 0.47265625 0.525 0.1203125 0.3109375
0 0.60234375 0.4953125 0.10625 0.2890625
0 0.7421875 0.46640625 0.1125 0.2765625
0 0.859375 0.49921875 0.146875 0.434375
1 0.1390625 0.51171875 0.065625 0.175
1 0.3 0.4453125 0.0609375 0.0890625
1 0.44140625 0.45234375 0.071875 0.1625
1 0.5859375 0.43046875 0.071875 0.1578125
1 0.6984375 0.40078125 0.0640625 0.1453125