0 0.0859375 0.5359375 0.071875 0.3875
0 0.0328125 0.4921875 0.0484375 0.240625
0 0.13515625 0.51171875 0.0640625 0.3265625
0 0.30234375 0.534375 0.0625 0.35
0 0.30703125 0.42890625 0.078125 0.1828125
0 0.403125 0.490625 0.0609375 0.29375
0 0.4734375 0.38203125 0.0375 0.0625
0 0.48671875 0.55546875 0.075 0.3765625
0 0.5375 0.5109375 0.065625 0.34375
0 0.58828125 0.49609375 0.028125 0.24375
0 0.60234375 0.4984375 0.0390625 0.275
0 0.65859375 0.509375 0.065625 0.3328125
0 0.7015625 0.4796875 0.04375 0.25
0 0.75625 0.49921875 0.04375 0.253125
0 0.81953125 0.47265625 0.06875 0.3296875
1 0.42734375 0.428125 0.05 0.153125
1 0.2984375 0.3828125 0.053125 0.059375
1 0.14296875 0.43984375 0.065625 0.171875
1 0.5671875 0.38515625 0.0421875 0.0734375
1 0.6796875 0.375 0.040625 0.0640625