0 0.0546875 0.565625 0.109375 0.328125
0 0.1171875 0.54296875 0.1125 0.3171875
0 0.196875 0.55625 0.125 0.36875
0 0.2546875 0.5296875 0.1015625 0.3046875
0 0.30078125 0.528125 0.0921875 0.271875
0 0.3578125 0.50859375 0.1625 0.4421875
0 0.40390625 0.484375 0.1046875 0.309375
0 0.45703125 0.47578125 0.13125 0.371875
0 0.59921875 0.47734375 0.1453125 0.3640625
0 0.60703125 0.32890625 0.0515625 0.0984375
0 0.71015625 0.4546875 0.1421875 0.359375
0 0.7890625 0.42890625 0.1390625 0.371875
1 0.13515625 0.475 0.065625 0.175
1 0.26640625 0.3984375 0.0609375 0.0859375
1 0.41171875 0.34921875 0.053125 0.0421875
1 0.57421875 0.3296875 0.0640625 0.06875
1 0.7484375 0.35546875 0.0859375 0.1875