0 0.16484375 0.496875 0.0640625 0.2734375
0 0.20859375 0.484375 0.0890625 0.3171875
0 0.359375 0.4984375 0.0765625 0.2875
0 0.46328125 0.5046875 0.065625 0.26875
0 0.509375 0.49375 0.065625 0.284375
0 0.5421875 0.51484375 0.0734375 0.3109375
0 0.62734375 0.5203125 0.0890625 0.33125
0 0.6953125 0.5109375 0.071875 0.3171875
0 0.65234375 0.4984375 0.0546875 0.2765625
0 0.76328125 0.5046875 0.0734375 0.265625
1 0.21328125 0.4171875 0.065625 0.1640625
1 0.36796875 0.3828125 0.0453125 0.0640625
1 0.49375 0.38984375 0.040625 0.06875
1 0.63359375 0.39921875 0.0421875 0.0796875
1 0.7515625 0.4390625 0.05 0.1484375