0 0.06328125 0.63046875 0.115625 0.52421875
0 0.1078125 0.63125 0.06796875 0.40859375
0 0.3125 0.58359375 0.09921875 0.39453125
0 0.5140625 0.58203125 0.0640625 0.36171875
0 0.47578125 0.59609375 0.0109375 0.003125
0 0.5828125 0.61171875 0.0671875 0.3953125
0 0.65 0.6078125 0.07109375 0.4296875
0 0.7140625 0.58125 0.04140625 0.3421875
0 0.74140625 0.58515625 0.075 0.3953125
0 0.86640625 0.575 0.07890625 0.34140625
1 0.1171875 0.490625 0.071875 0.21328125
1 0.3234375 0.4734375 0.065625 0.18359375
1 0.50625 0.49296875 0.05703125 0.2
1 0.6859375 0.43203125 0.0609375 0.08203125
1 0.859375 0.44296875 0.0578125 0.10390625