0 0.20234375 0.3390625 0.121875 0.146875
0 0.11796875 0.60234375 0.215625 0.5765625
0 0.234375 0.58515625 0.2046875 0.56875
0 0.34921875 0.628125 0.265625 0.6671875
0 0.4421875 0.38515625 0.0703125 0.0671875
0 0.46484375 0.59765625 0.1828125 0.5015625
0 0.55234375 0.58359375 0.1484375 0.3828125
0 0.68984375 0.65859375 0.2140625 0.5703125
0 0.78125 0.60390625 0.11875 0.3234375
0 0.84765625 0.646875 0.1703125 0.425
1 0.7734375 0.46875 0.04375 0.0546875
1 0.65078125 0.50859375 0.0875 0.1890625
1 0.54453125 0.43203125 0.0484375 0.0875
1 0.37421875 0.3703125 0.028125 0.046875
1 0.18125 0.35234375 0.1109375 0.14375