0 0.14609375 0.7 0.1796875 0.409375
0 0.18046875 0.653125 0.1625 0.3484375
0 0.171875 0.625 0.1578125 0.3328125
0 0.3234375 0.60078125 0.1203125 0.2703125
0 0.34296875 0.609375 0.134375 0.303125
0 0.44140625 0.54609375 0.1328125 0.3015625
0 0.4671875 0.53984375 0.1203125 0.2828125
0 0.578125 0.4875 0.115625 0.278125
0 0.6171875 0.50859375 0.1375 0.2796875
0 0.70234375 0.47265625 0.1375 0.278125
0 0.74296875 0.471875 0.1375 0.30625
1 0.16015625 0.5640625 0.0859375 0.1625
1 0.29609375 0.484375 0.0625 0.0796875
1 0.41328125 0.425 0.0453125 0.0421875
1 0.55234375 0.44140625 0.0734375 0.1375
1 0.66015625 0.40703125 0.0703125 0.1359375