0 0.1484375 0.44765625 0.1640625 0.378125
0 0.08671875 0.4578125 0.1390625 0.33125
0 0.2984375 0.47734375 0.1421875 0.3296875
0 0.3453125 0.52578125 0.15 0.3484375
0 0.39375 0.4953125 0.1234375 0.278125
0 0.44453125 0.48828125 0.1171875 0.296875
0 0.496875 0.51796875 0.1328125 0.3171875
0 0.56484375 0.5046875 0.115625 0.2671875
0 0.62734375 0.5265625 0.1265625 0.3171875
0 0.64921875 0.53515625 0.0875 0.221875
0 0.7328125 0.55859375 0.1234375 0.2703125
1 0.1421875 0.2984375 0.05 0.065625
1 0.29765625 0.3953125 0.0984375 0.18125
1 0.4234375 0.42109375 0.084375 0.1625
1 0.54296875 0.41328125 0.0640625 0.1078125
1 0.63125 0.46171875 0.06875 0.1328125