0 0.07578125 0.63203125 0.08515625 0.4484375
0 0.32421875 0.596875 0.0875 0.4
0 0.12578125 0.5921875 0.0484375 0.41171875
0 0.515625 0.58671875 0.0875 0.39765625
0 0.70625 0.59453125 0.05234375 0.3734375
0 0.76015625 0.62265625 0.08125 0.39609375
0 0.90859375 0.59921875 0.071875 0.38203125
1 0.12578125 0.5109375 0.0765625 0.21875
1 0.32890625 0.43203125 0.05546875 0.0625
1 0.50390625 0.44609375 0.06328125 0.08359375
1 0.68984375 0.51484375 0.04453125 0.19375
1 0.87109375 0.515625 0.05859375 0.19609375