0 0.20546875 0.65546875 0.084375 0.39375
0 0.25859375 0.64609375 0.11875 0.4546875
0 0.41171875 0.609375 0.0921875 0.3765625
0 0.40625 0.43359375 0.06875 0.096875
0 0.51640625 0.60390625 0.1203125 0.4234375
0 0.640625 0.53046875 0.0734375 0.3375
0 0.734375 0.55 0.0734375 0.328125
0 0.7734375 0.53671875 0.0734375 0.2765625
1 0.17578125 0.5453125 0.0875 0.2203125
1 0.34609375 0.515625 0.0765625 0.203125
1 0.47109375 0.49609375 0.0625 0.1828125
1 0.58828125 0.47734375 0.059375 0.165625
1 0.68359375 0.46171875 0.05 0.1515625