1 0.16328125 0.55703125 0.0765625 0.175
1 0.309375 0.54140625 0.06875 0.1578125
1 0.4515625 0.46875 0.0671875 0.0796875
1 0.609375 0.5 0.0671875 0.16875
1 0.75390625 0.440625 0.075 0.078125
0 0.1375 0.62109375 0.10625 0.334375
0 0.2265625 0.62578125 0.1046875 0.3359375
0 0.31015625 0.6109375 0.1109375 0.3171875
0 0.43359375 0.60703125 0.0859375 0.3078125
0 0.47734375 0.5875 0.0953125 0.3328125
0 0.6046875 0.56484375 0.115625 0.359375
0 0.73671875 0.5703125 0.0921875 0.321875
0 0.803125 0.565625 0.0921875 0.3125