0 0.26953125 0.753125 0.1578125 0.49375
0 0.3984375 0.73125 0.171875 0.5375
0 0.4328125 0.66171875 0.153125 0.459375
0 0.74375 0.56796875 0.13125 0.4015625
0 0.8015625 0.57734375 0.1578125 0.446875
0 0.6484375 0.58828125 0.1328125 0.365625
0 0.609375 0.6546875 0.1484375 0.4890625
0 0.5 0.66015625 0.11875 0.39375
0 0.50625 0.4828125 0.0671875 0.0875
0 0.54375 0.6796875 0.1546875 0.4328125
1 0.17421875 0.64453125 0.125 0.2828125
1 0.33515625 0.5953125 0.103125 0.24375
1 0.44140625 0.5078125 0.06875 0.11875
1 0.559375 0.52578125 0.0625 0.1921875
1 0.63359375 0.44609375 0.0421875 0.065625