0 0.16953125 0.63125 0.0671875 0.4
0 0.2640625 0.64453125 0.0734375 0.4546875
0 0.3359375 0.47578125 0.0390625 0.09375
0 0.35546875 0.6734375 0.065625 0.509375
0 0.41015625 0.7125 0.08125 0.509375
0 0.4125 0.45234375 0.046875 0.0640625
0 0.50234375 0.62578125 0.0640625 0.3984375
0 0.54375 0.471875 0.03125 0.0875
0 0.596875 0.5546875 0.0421875 0.2625
0 0.6515625 0.5796875 0.0453125 0.2765625
0 0.703125 0.5953125 0.065625 0.321875
0 0.76484375 0.50625 0.0359375 0.140625
0 0.78671875 0.64375 0.0609375 0.3984375
0 0.81875 0.5671875 0.05625 0.278125
1 0.12578125 0.528125 0.0703125 0.221875
1 0.290625 0.471875 0.0421875 0.078125
1 0.4109375 0.4796875 0.0578125 0.059375
1 0.4859375 0.51796875 0.0359375 0.1421875
1 0.5546875 0.5140625 0.0390625 0.134375