0 0.25390625 0.64921875 0.16875 0.50625
0 0.34453125 0.640625 0.1875 0.5421875
0 0.428125 0.60625 0.1125 0.38125
0 0.48359375 0.6046875 0.11875 0.3859375
0 0.60625 0.52265625 0.0859375 0.2859375
0 0.65390625 0.5765625 0.146875 0.4609375
0 0.6859375 0.50234375 0.0890625 0.3046875
0 0.67890625 0.38125 0.040625 0.0703125
0 0.7375 0.5140625 0.103125 0.30625
0 0.8109375 0.48359375 0.121875 0.321875
0 0.92109375 0.44765625 0.1 0.2875
1 0.625 0.4078125 0.034375 0.0671875
1 0.55390625 0.46796875 0.0671875 0.165625
1 0.446875 0.4625 0.0640625 0.125
1 0.35390625 0.51875 0.0703125 0.2046875
1 0.171875 0.56875 0.109375 0.259375