0 0.2796875 0.6140625 0.06640625 0.37578125
0 0.3390625 0.59765625 0.05 0.3734375
0 0.428125 0.6046875 0.0671875 0.4453125
0 0.46875 0.5828125 0.03203125 0.284375
0 0.55390625 0.578125 0.0515625 0.3625
0 0.63125 0.53203125 0.03984375 0.284375
0 0.6625 0.60390625 0.06953125 0.375
0 0.7109375 0.54609375 0.03828125 0.27109375
0 0.7765625 0.5515625 0.03828125 0.3140625
0 0.80703125 0.55859375 0.03125 0.26328125
0 0.75625 0.440625 0.03828125 0.04140625
1 0.6484375 0.4390625 0.03203125 0.03203125
1 0.5890625 0.4703125 0.03046875 0.10078125
1 0.5109375 0.4953125 0.03515625 0.15546875
1 0.415625 0.4359375 0.0296875 0.0515625
1 0.28515625 0.453125 0.059375 0.0890625