0 0.2296875 0.59921875 0.07421875 0.5015625
0 0.3203125 0.60859375 0.0875 0.53515625
0 0.409375 0.590625 0.03984375 0.38125
0 0.4640625 0.6 0.046875 0.38359375
0 0.6 0.5421875 0.03203125 0.284375
0 0.63671875 0.6046875 0.06015625 0.4578125
0 0.68203125 0.5375 0.03203125 0.30390625
0 0.6984375 0.41796875 0.028125 0.06640625
0 0.73046875 0.559375 0.0453125 0.30390625
0 0.80859375 0.54296875 0.0625 0.31640625
0 0.9234375 0.52890625 0.046875 0.28359375
1 0.640625 0.43359375 0.021875 0.0640625
1 0.559375 0.47890625 0.0375 0.1609375
1 0.4546875 0.453125 0.04140625 0.11875
1 0.353125 0.490625 0.03203125 0.2015625
1 0.16484375 0.5046875 0.06171875 0.25234375