0 0.1234375 0.65546875 0.06875 0.475
0 0.2109375 0.6609375 0.096875 0.5703125
0 0.346875 0.62578125 0.06875 0.4140625
0 0.4421875 0.62421875 0.0625 0.453125
0 0.509375 0.6 0.0421875 0.3625
0 0.56328125 0.61796875 0.046875 0.359375
0 0.6046875 0.64296875 0.071875 0.565625
0 0.65859375 0.584375 0.0375 0.390625
0 0.709375 0.5859375 0.0625 0.359375
0 0.75703125 0.56171875 0.046875 0.2984375
0 0.8484375 0.5609375 0.053125 0.346875
1 0.1140625 0.47265625 0.078125 0.175
1 0.3203125 0.50546875 0.0625 0.225
1 0.471875 0.44375 0.046875 0.090625
1 0.696875 0.4390625 0.0390625 0.0546875