0 0.09921875 0.5734375 0.1671875 0.4796875
0 0.18359375 0.59765625 0.2125 0.578125
0 0.32421875 0.59140625 0.1546875 0.41875
0 0.41796875 0.609375 0.1546875 0.4546875
0 0.48828125 0.6 0.1171875 0.3625
0 0.5375 0.62890625 0.1203125 0.3609375
0 0.57265625 0.66171875 0.1875 0.5671875
0 0.6375 0.615625 0.11875 0.3890625
0 0.68671875 0.62734375 0.1359375 0.3640625
0 0.73828125 0.6140625 0.109375 0.3015625
0 0.828125 0.63203125 0.1234375 0.35
1 0.128125 0.39296875 0.1140625 0.1890625
1 0.3234375 0.46796875 0.1078125 0.2328125
1 0.484375 0.4390625 0.065625 0.0984375
1 0.70546875 0.48125 0.05 0.0609375