0 0.19609375 0.709375 0.125 0.38125
0 0.25625 0.6828125 0.1671875 0.4484375
0 0.365625 0.6421875 0.1296875 0.3984375
0 0.44296875 0.6359375 0.1265625 0.3703125
0 0.5015625 0.61796875 0.153125 0.4234375
0 0.59609375 0.5609375 0.109375 0.3203125
0 0.66640625 0.51640625 0.09375 0.2421875
0 0.71640625 0.55625 0.1078125 0.3296875
0 0.8125 0.51484375 0.1140625 0.3015625
1 0.14921875 0.6046875 0.1078125 0.228125
1 0.3109375 0.5625 0.0890625 0.196875
1 0.421875 0.47890625 0.059375 0.078125
1 0.54453125 0.5015625 0.065625 0.1578125
1 0.6296875 0.48125 0.065625 0.1453125