0 0.91953125 0.41328125 0.1296875 0.3234375
0 0.79921875 0.425 0.1265625 0.3078125
0 0.696875 0.44375 0.1203125 0.334375
0 0.74765625 0.4609375 0.1546875 0.3828125
0 0.1796875 0.7125 0.1609375 0.3859375
0 0.1625 0.42109375 0.1375 0.1515625
0 0.27421875 0.6859375 0.2796875 0.628125
0 0.3546875 0.5828125 0.1609375 0.41875
0 0.44765625 0.57109375 0.18125 0.4765625
0 0.5078125 0.5109375 0.1453125 0.3875
0 0.57890625 0.52109375 0.128125 0.3859375
0 0.63203125 0.5640625 0.1859375 0.5109375
1 0.10078125 0.56171875 0.13125 0.2671875
1 0.2859375 0.50390625 0.0921875 0.2296875
1 0.43125 0.384375 0.0390625 0.0609375
1 0.540625 0.3828125 0.053125 0.0984375
1 0.65 0.38671875 0.0734375 0.1640625