0 0.17734375 0.63984375 0.0796875 0.51171875
0 0.30625 0.6484375 0.08359375 0.41875
0 0.4015625 0.6171875 0.0671875 0.4171875
0 0.5 0.6359375 0.06953125 0.50078125
0 0.55546875 0.6046875 0.0578125 0.365625
0 0.6625 0.621875 0.04609375 0.4390625
0 0.7078125 0.5765625 0.040625 0.3265625
0 0.778125 0.5796875 0.04296875 0.36484375
0 0.81953125 0.5546875 0.03046875 0.3390625
0 0.96640625 0.41875 0.00078125 0.00859375
0 0.91328125 0.5765625 0.05390625 0.35390625
1 0.14375 0.5375 0.065625 0.2578125
1 0.353125 0.4609375 0.05703125 0.1015625
1 0.50703125 0.43828125 0.05390625 0.06015625
1 0.63671875 0.50390625 0.0390625 0.18046875
1 0.75 0.49453125 0.04140625 0.16640625