0 0.1328125 0.7 0.1796875 0.49375
0 0.2390625 0.68984375 0.2125 0.540625
0 0.36171875 0.6046875 0.153125 0.459375
0 0.434375 0.62578125 0.1765625 0.5078125
0 0.540625 0.5578125 0.1390625 0.396875
0 0.60078125 0.55 0.1765625 0.4953125
0 0.67578125 0.51953125 0.1296875 0.340625
0 0.790625 0.46640625 0.1140625 0.3203125
0 0.85234375 0.4828125 0.1515625 0.415625
0 0.90703125 0.475 0.1203125 0.33125
1 0.72890625 0.4109375 0.08125 0.171875
1 0.6171875 0.44140625 0.0859375 0.1875
1 0.47421875 0.4828125 0.0984375 0.2046875
1 0.30703125 0.52890625 0.084375 0.2234375
1 0.0890625 0.50234375 0.09375 0.1015625