0 0.096875 0.6125 0.07109375 0.48984375
0 0.203125 0.6265625 0.09453125 0.5328125
0 0.34140625 0.57109375 0.0515625 0.459375
0 0.4078125 0.6078125 0.0640625 0.50703125
0 0.5265625 0.565625 0.05078125 0.39609375
0 0.58671875 0.57109375 0.06796875 0.4921875
0 0.6671875 0.55859375 0.05625 0.3359375
0 0.790625 0.5328125 0.04296875 0.31953125
0 0.846875 0.5625 0.06015625 0.41328125
0 0.90234375 0.5671875 0.04765625 0.32890625
1 0.74296875 0.46484375 0.0453125 0.165625
1 0.62734375 0.46953125 0.046875 0.18203125
1 0.47890625 0.47734375 0.05546875 0.196875
1 0.30546875 0.484375 0.0359375 0.2203125
1 0.09921875 0.41015625 0.0765625 0.0859375