0 0.16328125 0.58828125 0.1421875 0.4390625
0 0.25546875 0.59453125 0.1328125 0.440625
0 0.4 0.54453125 0.103125 0.3421875
0 0.4484375 0.5515625 0.1234375 0.40625
0 0.52421875 0.50703125 0.0921875 0.3109375
0 0.64453125 0.46953125 0.0953125 0.278125
0 0.734375 0.45859375 0.0875 0.240625
0 0.86328125 0.4515625 0.1296875 0.371875
1 0.1546875 0.42265625 0.078125 0.0875
1 0.34921875 0.46171875 0.0796875 0.190625
1 0.484375 0.4390625 0.0609375 0.1703125
1 0.6046875 0.41796875 0.0609375 0.15625
1 0.69453125 0.4 0.0546875 0.140625