0 0.82734375 0.640625 0.084375 0.2859375
0 0.69296875 0.63203125 0.0921875 0.309375
0 0.60234375 0.596875 0.090625 0.2984375
0 0.42265625 0.6140625 0.1296875 0.3921875
0 0.36015625 0.590625 0.090625 0.3015625
0 0.30390625 0.6296875 0.121875 0.4359375
0 0.20234375 0.4546875 0.06875 0.121875
0 0.15546875 0.62109375 0.1171875 0.4203125
0 0.1046875 0.621875 0.1375 0.509375
1 0.1875 0.4453125 0.0484375 0.0703125
1 0.35234375 0.46015625 0.0453125 0.059375
1 0.4609375 0.52890625 0.065625 0.1578125
1 0.57265625 0.53515625 0.0546875 0.140625
1 0.65859375 0.5421875 0.053125 0.1296875