0 0.21328125 0.70390625 0.184375 0.5171875
0 0.34140625 0.68515625 0.16875 0.4265625
0 0.428125 0.63515625 0.153125 0.421875
0 0.528125 0.6328125 0.171875 0.5046875
0 0.57578125 0.590625 0.1328125 0.3703125
0 0.684375 0.58515625 0.1359375 0.4390625
0 0.71953125 0.53203125 0.1078125 0.328125
0 0.78828125 0.5203125 0.1171875 0.365625
0 0.82421875 0.48671875 0.1 0.3375
0 0.9390625 0.3234375 0.003125 0.0078125
0 0.9203125 0.4890625 0.1265625 0.3578125
1 0.159375 0.6109375 0.1171875 0.265625
1 0.3484375 0.4921875 0.0765625 0.1109375
1 0.49375 0.43828125 0.065625 0.0703125
1 0.634375 0.47578125 0.075 0.184375
1 0.74375 0.44296875 0.075 0.171875