0 0.925 0.5546875 0.08125 0.3234375
0 0.80703125 0.5265625 0.08125 0.30625
0 0.7046875 0.5109375 0.0703125 0.3359375
0 0.746875 0.54375 0.0984375 0.3828125
0 0.12734375 0.596875 0.103125 0.384375
0 0.20625 0.31484375 0.1203125 0.1375
0 0.21640625 0.63203125 0.1765625 0.6875
0 0.3359375 0.53125 0.0984375 0.41875
0 0.42734375 0.55 0.109375 0.478125
0 0.50390625 0.5125 0.0875 0.3890625
0 0.5671875 0.54609375 0.06875 0.390625
0 0.60390625 0.603125 0.1078125 0.5140625
1 0.10234375 0.428125 0.09375 0.2625
1 0.29609375 0.434375 0.059375 0.2296875
1 0.47265625 0.36796875 0.03125 0.059375
1 0.5765625 0.40234375 0.0390625 0.096875
1 0.678125 0.4421875 0.05 0.1625