0 0.18046875 0.678125 0.2453125 0.64375
0 0.3671875 0.70546875 0.225 0.5890625
0 0.42578125 0.62109375 0.1671875 0.5390625
0 0.50703125 0.64921875 0.1875 0.575
0 0.59453125 0.590625 0.1515625 0.4171875
0 0.71171875 0.51953125 0.1203125 0.375
0 0.7625 0.55625 0.171875 0.503125
0 0.82421875 0.4921875 0.1296875 0.353125
0 0.91953125 0.4734375 0.1609375 0.521875
1 0.071875 0.596875 0.14375 0.3375
1 0.30859375 0.44765625 0.103125 0.14375
1 0.49765625 0.46875 0.1 0.2359375
1 0.6390625 0.43984375 0.0953125 0.2203125
1 0.73828125 0.359375 0.065625 0.109375