0 0.953125 0.52109375 0.09375 0.3203125
0 0.89921875 0.59453125 0.109375 0.346875
0 0.81875 0.5453125 0.084375 0.2828125
0 0.77421875 0.56640625 0.1203125 0.3546875
0 0.64140625 0.47109375 0.04375 0.10625
0 0.68515625 0.5828125 0.0859375 0.3046875
0 0.56484375 0.5078125 0.0609375 0.153125
0 0.6328125 0.7015625 0.175 0.515625
0 0.5515625 0.6296875 0.109375 0.346875
0 0.50546875 0.678125 0.1484375 0.48125
0 0.43125 0.6609375 0.140625 0.4140625
0 0.3453125 0.67265625 0.140625 0.41875
0 0.259375 0.76171875 0.16875 0.4765625
0 0.13515625 0.565625 0.0984375 0.1265625
0 0.16171875 0.7625 0.1703125 0.475
0 0.6890625 0.47421875 0.0515625 0.10625
1 0.60546875 0.4703125 0.046875 0.0703125
1 0.52578125 0.48515625 0.0484375 0.08125
1 0.41015625 0.496875 0.0609375 0.0703125
1 0.28984375 0.58828125 0.096875 0.215625
1 0.09921875 0.6390625 0.1203125 0.25625