0 0.2234375 0.646875 0.128125 0.3765625
0 0.4078125 0.590625 0.1015625 0.3296875
0 0.46015625 0.615625 0.125 0.3703125
0 0.5234375 0.5578125 0.09375 0.2984375
0 0.5890625 0.559375 0.1140625 0.3375
0 0.64609375 0.53828125 0.078125 0.2328125
0 0.62890625 0.40859375 0.0359375 0.0515625
0 0.69765625 0.54453125 0.128125 0.4078125
0 0.7375 0.4421875 0.053125 0.0953125
0 0.78671875 0.521875 0.1078125 0.321875
0 0.86171875 0.48515625 0.0984375 0.309375
0 0.828125 0.471875 0.0796875 0.275
1 0.19375 0.49765625 0.0703125 0.0765625
1 0.365625 0.52109375 0.0828125 0.1796875
1 0.48984375 0.49296875 0.071875 0.165625
1 0.6125 0.46484375 0.0609375 0.146875
1 0.71015625 0.44140625 0.0609375 0.140625