0 0.20390625 0.6015625 0.071875 0.375
0 0.39453125 0.575 0.05 0.3296875
0 0.44296875 0.60859375 0.06875 0.3671875
0 0.5140625 0.56015625 0.0484375 0.296875
0 0.578125 0.57265625 0.0625 0.3359375
0 0.63828125 0.5609375 0.04375 0.23125
0 0.64140625 0.43046875 0.0296875 0.0484375
0 0.68828125 0.575 0.065625 0.40625
0 0.74375 0.4796875 0.0390625 0.0921875
0 0.7796875 0.5671875 0.059375 0.3203125
0 0.859375 0.5421875 0.0515625 0.309375
0 0.828125 0.5234375 0.0375 0.275
1 0.1984375 0.44921875 0.059375 0.06875
1 0.3640625 0.5 0.05625 0.175
1 0.49140625 0.49140625 0.046875 0.1609375
1 0.61640625 0.4828125 0.0390625 0.1453125
1 0.71640625 0.475 0.040625 0.1375