0 0.10234375 0.57421875 0.0953125 0.3546875
0 0.28125 0.559375 0.0484375 0.3421875
0 0.31796875 0.56015625 0.053125 0.384375
0 0.3703125 0.5890625 0.090625 0.440625
0 0.4484375 0.5265625 0.059375 0.325
0 0.83046875 0.525 0.0796875 0.3453125
0 0.72734375 0.50390625 0.0546875 0.2921875
0 0.69140625 0.50703125 0.046875 0.2453125
0 0.5390625 0.55703125 0.0546875 0.30625
0 0.60546875 0.54140625 0.0421875 0.2828125
0 0.578125 0.5703125 0.0625 0.36875
1 0.6546875 0.45390625 0.04375 0.1421875
1 0.55 0.4109375 0.0453125 0.0515625
1 0.41328125 0.46796875 0.0421875 0.159375
1 0.265625 0.4734375 0.0296875 0.171875
1 0.09609375 0.42734375 0.0625 0.08125