0 0.0609375 0.61328125 0.053125 0.31328125
0 0.1125 0.571875 0.05 0.3453125
0 0.1671875 0.58984375 0.06484375 0.440625
0 0.2453125 0.57890625 0.065625 0.40859375
0 0.2859375 0.5890625 0.046875 0.3296875
0 0.4109375 0.58046875 0.0640625 0.38046875
0 0.459375 0.5828125 0.0546875 0.33125
0 0.59453125 0.57578125 0.0546875 0.37265625
0 0.6453125 0.58125 0.05234375 0.38046875
0 0.7984375 0.57890625 0.07109375 0.36484375
1 0.15625 0.440625 0.05234375 0.03515625
1 0.3125 0.5140625 0.0546875 0.175
1 0.4640625 0.51015625 0.0421875 0.184375
1 0.63359375 0.434375 0.05234375 0.0453125
1 0.80390625 0.43515625 0.06015625 0.053125