0 0.83203125 0.49453125 0.059375 0.30703125
0 0.7390625 0.5109375 0.05625 0.33203125
0 0.653125 0.48984375 0.05234375 0.328125
0 0.115625 0.525 0.08125 0.475
0 0.15859375 0.52734375 0.0546875 0.37890625
0 0.24375 0.55625 0.08046875 0.44765625
0 0.3359375 0.51328125 0.046875 0.33515625
0 0.390625 0.53515625 0.0578125 0.39140625
0 0.4625 0.57265625 0.0640625 0.459375
0 0.5140625 0.38671875 0.0453125 0.11015625
0 0.55859375 0.53828125 0.05546875 0.33671875
1 0.15234375 0.4359375 0.04609375 0.20078125
1 0.32265625 0.43203125 0.053125 0.18671875
1 0.47421875 0.371875 0.040625 0.06328125
1 0.61015625 0.421875 0.03984375 0.1625
1 0.728125 0.37421875 0.0421875 0.06796875