0 0.828125 0.55234375 0.1125 0.3125
0 0.73359375 0.55234375 0.1125 0.3375
0 0.65234375 0.51640625 0.1078125 0.3328125
0 0.1171875 0.4578125 0.1625 0.48125
0 0.159375 0.46796875 0.1203125 0.3828125
0 0.2375 0.5109375 0.15625 0.4546875
0 0.3359375 0.484375 0.1046875 0.3375
0 0.3859375 0.515625 0.125 0.3953125
0 0.45078125 0.56484375 0.1421875 0.4640625
0 0.53359375 0.390625 0.0640625 0.115625
0 0.55078125 0.54765625 0.1125 0.340625
1 0.16875 0.3765625 0.0796875 0.20625
1 0.3375 0.40234375 0.084375 0.19375
1 0.496875 0.36953125 0.0515625 0.06875
1 0.621875 0.4421875 0.0671875 0.1671875
1 0.746875 0.415625 0.053125 0.075