0 0.83984375 0.51953125 0.103125 0.4234375
0 0.04609375 0.58515625 0.0921875 0.3640625
0 0.1375 0.58671875 0.084375 0.334375
0 0.3296875 0.5578125 0.0796875 0.3546875
0 0.4703125 0.53359375 0.0921875 0.4109375
0 0.65078125 0.53515625 0.0953125 0.3734375
0 0.40859375 0.56953125 0.10625 0.49375
0 0.23515625 0.56875 0.13125 0.4171875
1 0.15234375 0.50390625 0.065625 0.1859375
1 0.309375 0.48671875 0.06875 0.1875
1 0.4671875 0.47578125 0.0703125 0.1953125
1 0.646875 0.3953125 0.0546875 0.0640625
1 0.82734375 0.36484375 0.0640625 0.0484375