0 0.13046875 0.59375 0.0875 0.415625
0 0.18046875 0.5953125 0.065625 0.3265625
0 0.24609375 0.5859375 0.1 0.4171875
0 0.34921875 0.57578125 0.0921875 0.3578125
0 0.50234375 0.55546875 0.0796875 0.36875
0 0.56640625 0.56640625 0.08125 0.3515625
0 0.6546875 0.5546875 0.084375 0.4
0 0.7125 0.5515625 0.0828125 0.3796875
0 0.9125 0.53828125 0.115625 0.3859375
1 0.87421875 0.46484375 0.05625 0.196875
1 0.6984375 0.40390625 0.059375 0.0453125
1 0.51484375 0.4234375 0.0546875 0.0515625
1 0.3703125 0.5015625 0.0578125 0.1828125
1 0.2015625 0.44921875 0.0390625 0.0453125