0 0.1140625 0.7 0.1296875 0.3546875
0 0.190625 0.68046875 0.1109375 0.3
0 0.33828125 0.63515625 0.1234375 0.3296875
0 0.4734375 0.59609375 0.125 0.328125
0 0.56875 0.58671875 0.1359375 0.35625
0 0.64375 0.56796875 0.1359375 0.3109375
0 0.790625 0.521875 0.1328125 0.35625
0 0.8375 0.50703125 0.109375 0.3140625
1 0.19765625 0.5984375 0.0859375 0.1703125
1 0.3390625 0.559375 0.09375 0.18125
1 0.4765625 0.52421875 0.0859375 0.1765625
1 0.628125 0.43984375 0.065625 0.0921875
1 0.78671875 0.3953125 0.075 0.096875