1 0.10625 0.53671875 0.04375 0.2046875
1 0.23203125 0.53515625 0.0640625 0.2015625
1 0.35859375 0.48671875 0.0546875 0.1125
1 0.478125 0.45625 0.0546875 0.0515625
1 0.5890625 0.5234375 0.0515625 0.1859375
1 0.69453125 0.52265625 0.03125 0.1796875
1 0.80234375 0.51953125 0.0421875 0.1765625
1 0.90703125 0.5171875 0.0484375 0.1734375
0 0.07578125 0.628125 0.121875 0.409375
0 0.20390625 0.66171875 0.0734375 0.3609375
0 0.36328125 0.64375 0.06875 0.3453125
0 0.48828125 0.61796875 0.071875 0.3734375
0 0.61953125 0.61171875 0.075 0.36875
0 0.728125 0.59921875 0.0625 0.3671875
0 0.846875 0.60234375 0.0640625 0.3359375
0 0.9609375 0.58515625 0.0734375 0.325