0 0.203125 0.58984375 0.10859375 0.52265625
0 0.53828125 0.51875 0.090625 0.421875
0 0.66640625 0.48125 0.06640625 0.440625
0 0.7703125 0.48203125 0.0640625 0.40390625
0 0.85703125 0.49296875 0.06015625 0.31171875
1 0.871875 0.3359375 0.03984375 0.053125
1 0.93515625 0.39765625 0.04140625 0.16328125
1 0.37421875 0.42109375 0.075 0.24609375
1 0.2109375 0.36875 0.0875 0.1453125
1 0.490625 0.4203125 0.0375 0.22578125
1 0.6125 0.41875 0.0421875 0.203125
1 0.7171875 0.40625 0.03984375 0.190625
1 0.80703125 0.40625 0.03203125 0.17421875