1 0.10546875 0.5296875 0.040625 0.20390625
1 0.23125 0.53046875 0.06015625 0.20078125
1 0.35859375 0.484375 0.05234375 0.11171875
1 0.47890625 0.45625 0.053125 0.05
1 0.58828125 0.525 0.0484375 0.184375
1 0.69375 0.52578125 0.028125 0.17890625
1 0.80234375 0.525 0.03984375 0.1765625
1 0.90703125 0.52421875 0.04609375 0.17265625
0 0.0734375 0.6203125 0.11484375 0.4078125
0 0.20078125 0.65625 0.06640625 0.359375
0 0.3609375 0.64140625 0.0625 0.34375
0 0.4859375 0.61796875 0.065625 0.371875
0 0.6171875 0.6140625 0.06875 0.3671875
0 0.7265625 0.603125 0.05625 0.36640625
0 0.8453125 0.60859375 0.05859375 0.33515625
0 0.959375 0.59296875 0.0671875 0.32421875