0 0.18203125 0.59296875 0.12421875 0.6375
0 0.3953125 0.53359375 0.10078125 0.5546875
0 0.6515625 0.51171875 0.0609375 0.3921875
0 0.73984375 0.4953125 0.0546875 0.34609375
0 0.8734375 0.47265625 0.046875 0.28984375
1 0.153125 0.3171875 0.1046875 0.14375
1 0.34921875 0.4078125 0.075 0.28046875
1 0.48671875 0.4078125 0.0578125 0.2390625
1 0.590625 0.40546875 0.05234375 0.2109375
1 0.6890625 0.396875 0.02421875 0.19140625
1 0.75859375 0.32109375 0.04140625 0.0328125
1 0.81328125 0.39140625 0.03828125 0.16328125