1 0.75859375 0.5765625 0.046875 0.1390625
1 0.68828125 0.56484375 0.0453125 0.14375
1 0.615625 0.55546875 0.05 0.153125
1 0.5296875 0.5421875 0.053125 0.1578125
1 0.45234375 0.48359375 0.0484375 0.0625
1 0.3421875 0.5171875 0.071875 0.175
1 0.23828125 0.43671875 0.0609375 0.0578125
1 0.10546875 0.44140625 0.059375 0.1078125
0 0.05625 0.57421875 0.1125 0.3859375
0 0.2109375 0.58515625 0.1125 0.3734375
0 0.44765625 0.621875 0.0984375 0.30625
0 0.5609375 0.6171875 0.096875 0.3171875
0 0.71171875 0.62890625 0.0734375 0.2765625
0 0.78046875 0.6390625 0.0703125 0.2625