0 0.74609375 0.71640625 0.2171875 0.5671875
0 0.73125 0.5796875 0.090625 0.2359375
0 0.6890625 0.57578125 0.11875 0.303125
0 0.6265625 0.57265625 0.1296875 0.34375
0 0.57109375 0.57734375 0.1328125 0.3625
0 0.48203125 0.64921875 0.2640625 0.7015625
0 0.21640625 0.56875 0.240625 0.596875
0 0.303125 0.64140625 0.275 0.6421875
1 0.18125 0.43828125 0.1234375 0.2796875
1 0.44609375 0.48046875 0.09375 0.209375
1 0.603125 0.4359375 0.053125 0.0578125
1 0.66640625 0.453125 0.0296875 0.04375
1 0.69765625 0.478125 0.034375 0.06875
1 0.334375 0.38125 0.05 0.10625