0 0.7734375 0.7 0.146875 0.6
0 0.7390625 0.55078125 0.0625 0.2375
0 0.696875 0.55234375 0.0828125 0.303125
0 0.634375 0.55703125 0.090625 0.3453125
0 0.5796875 0.56796875 0.0890625 0.3640625
0 0.5 0.6484375 0.18125 0.703125
0 0.2265625 0.60234375 0.171875 0.596875
0 0.321875 0.66484375 0.203125 0.640625
1 0.17578125 0.47734375 0.0921875 0.2796875
1 0.44453125 0.48671875 0.0703125 0.2078125
1 0.59453125 0.42421875 0.0484375 0.0546875
1 0.659375 0.4328125 0.0265625 0.0421875
1 0.69375 0.4546875 0.0265625 0.0671875
1 0.321875 0.40234375 0.0390625 0.1046875