0 0.09453125 0.409375 0.121875 0.3625
0 0.21640625 0.415625 0.1234375 0.4
0 0.55703125 0.47265625 0.1140625 0.3515625
0 0.6640625 0.49921875 0.121875 0.4234375
0 0.72734375 0.50078125 0.1078125 0.4015625
0 0.91953125 0.51171875 0.1125 0.3546875
1 0.88984375 0.45 0.0671875 0.16875
1 0.7953125 0.43515625 0.0703125 0.1765625
1 0.60078125 0.403125 0.046875 0.18125
1 0.4765625 0.38984375 0.0796875 0.1859375
1 0.36640625 0.3703125 0.0796875 0.190625
1 0.2625 0.346875 0.06875 0.19375
1 0.13984375 0.325 0.059375 0.190625