0 0.1171875 0.59609375 0.03203125 0.2859375
0 0.16484375 0.5953125 0.06484375 0.328125
0 0.33515625 0.690625 0.08359375 0.509375
0 0.38828125 0.6453125 0.0609375 0.4125
0 0.4828125 0.67109375 0.09609375 0.53671875
0 0.928125 0.69375 0.1421875 0.6125
1 0.22890625 0.53515625 0.0421875 0.16015625
1 0.4203125 0.4890625 0.034375 0.0796875
1 0.58671875 0.5671875 0.071875 0.2265625
1 0.73125 0.5796875 0.0859375 0.25859375
1 0.89609375 0.46953125 0.07421875 0.0484375
1 0.2953125 0.53203125 0.03828125 0.153125