0 0.35625 0.57109375 0.090625 0.471875
0 0.603125 0.5421875 0.0625 0.3890625
0 0.7 0.534375 0.059375 0.39375
0 0.7875 0.54296875 0.05625 0.321875
0 0.909375 0.534375 0.0515625 0.265625
1 0.8671875 0.45859375 0.0421875 0.15
1 0.14453125 0.471875 0.0921875 0.26875
1 0.303125 0.47265625 0.05625 0.2390625
1 0.44453125 0.465625 0.0609375 0.21875
1 0.55546875 0.46875 0.0515625 0.196875
1 0.65078125 0.46015625 0.0484375 0.1765625
1 0.73671875 0.4625 0.0375 0.1703125
1 0.81171875 0.41796875 0.0296875 0.0671875