0 0.1765625 0.38515625 0.0421875 0.05
0 0.1984375 0.5296875 0.0640625 0.240625
0 0.2734375 0.5328125 0.0546875 0.2609375
0 0.328125 0.53125 0.078125 0.334375
0 0.40234375 0.534375 0.08125 0.375
0 0.50234375 0.54609375 0.0890625 0.428125
0 0.63671875 0.57421875 0.096875 0.46875
0 0.759375 0.6390625 0.109375 0.640625
1 0.21640625 0.44375 0.0421875 0.1421875
1 0.309375 0.38828125 0.04375 0.05
1 0.45546875 0.4515625 0.05 0.190625
1 0.5609375 0.453125 0.059375 0.21875
1 0.6890625 0.4578125 0.0578125 0.2390625
1 0.83828125 0.46171875 0.0828125 0.28125
1 0.26015625 0.3921875 0.0328125 0.040625
1 0.37109375 0.38828125 0.028125 0.0515625