1 0.64296875 0.378125 0.06875 0.178125
1 0.1484375 0.4125 0.084375 0.221875
1 0.2828125 0.33359375 0.0703125 0.071875
1 0.41171875 0.32734375 0.0640625 0.0625
1 0.534375 0.33359375 0.0578125 0.0859375
1 0.75078125 0.3671875 0.059375 0.1734375
1 0.840625 0.2921875 0.0359375 0.0390625
1 0.93828125 0.35625 0.0515625 0.175
0 0.87578125 0.4421875 0.11875 0.434375
0 0.78984375 0.45 0.090625 0.35
0 0.5578125 0.471875 0.0921875 0.353125
0 0.4265625 0.48046875 0.1 0.4109375
0 0.30859375 0.49765625 0.0953125 0.3984375
0 0.25234375 0.51328125 0.1296875 0.478125
0 0.125 0.51328125 0.125 0.396875