1 0.2625 0.3875 0.0640625 0.0578125
1 0.39140625 0.38984375 0.05390625 0.0421875
1 0.49140625 0.46015625 0.03203125 0.18203125
1 0.6671875 0.45546875 0.04296875 0.153125
1 0.75078125 0.453125 0.03125 0.153125
1 0.81328125 0.45078125 0.03125 0.13828125
1 0.8703125 0.4515625 0.0328125 0.1390625
0 0.91796875 0.50234375 0.05234375 0.278125
0 0.25078125 0.55625 0.0734375 0.4390625
0 0.40703125 0.54140625 0.08046875 0.39140625
0 0.51796875 0.53125 0.0515625 0.37734375
0 0.5921875 0.596875 0.0796875 0.634375
0 0.70703125 0.365625 0.04296875 0.0796875
0 0.7078125 0.60078125 0.065625 0.41484375
0 0.78515625 0.53203125 0.05 0.284375