0 0.10078125 0.5859375 0.13125 0.3828125
0 0.140625 0.54453125 0.09375 0.2796875
0 0.19453125 0.56953125 0.1421875 0.40625
0 0.29296875 0.53984375 0.11875 0.3171875
0 0.38828125 0.54375 0.1359375 0.3703125
0 0.4453125 0.51796875 0.1171875 0.3265625
0 0.5546875 0.50703125 0.1359375 0.3859375
0 0.61484375 0.47421875 0.11875 0.3390625
1 0.74765625 0.3921875 0.0796875 0.178125
1 0.58203125 0.35390625 0.05625 0.0375
1 0.43515625 0.403125 0.053125 0.0765625
1 0.31171875 0.47109375 0.071875 0.16875
1 0.15 0.434375 0.046875 0.0328125