0 0.196875 0.34921875 0.11875 0.14375
0 0.121875 0.615625 0.196875 0.578125
0 0.2375 0.59453125 0.1859375 0.571875
0 0.353125 0.63359375 0.24375 0.66875
0 0.43828125 0.38671875 0.06875 0.065625
0 0.46875 0.5984375 0.1671875 0.5046875
0 0.55546875 0.58203125 0.1359375 0.3828125
0 0.6953125 0.6515625 0.1953125 0.571875
0 0.784375 0.59375 0.1078125 0.3234375
0 0.85234375 0.63515625 0.15625 0.425
1 0.771875 0.459375 0.0421875 0.053125
1 0.65078125 0.503125 0.0828125 0.1875
1 0.5421875 0.43046875 0.0453125 0.0875
1 0.3703125 0.375 0.0265625 0.0453125
1 0.17578125 0.36328125 0.1078125 0.1421875