0 0.19140625 0.36015625 0.115625 0.1421875
0 0.12578125 0.628125 0.178125 0.5796875
0 0.240625 0.603125 0.1671875 0.5734375
0 0.3578125 0.63828125 0.221875 0.6703125
0 0.434375 0.3890625 0.06875 0.0640625
0 0.471875 0.6 0.15 0.5046875
0 0.5578125 0.5796875 0.1234375 0.384375
0 0.70078125 0.64453125 0.1765625 0.5734375
0 0.7875 0.584375 0.096875 0.325
0 0.85703125 0.62265625 0.1421875 0.4265625
1 0.7703125 0.45 0.040625 0.053125
1 0.65078125 0.4984375 0.0765625 0.1875
1 0.53984375 0.42890625 0.0421875 0.0859375
1 0.365625 0.3796875 0.0265625 0.0453125
1 0.17109375 0.375 0.103125 0.1390625