0 0.21484375 0.7125 0.140625 0.4
0 0.309375 0.7 0.1578125 0.4546875
0 0.33515625 0.51875 0.05625 0.0984375
0 0.40546875 0.7046875 0.1609375 0.50625
0 0.46875 0.72890625 0.1765625 0.5078125
0 0.403125 0.4765625 0.0578125 0.071875
0 0.53515625 0.62109375 0.1390625 0.3984375
0 0.53515625 0.46171875 0.046875 0.090625
0 0.6078125 0.528125 0.090625 0.2609375
0 0.66640625 0.5375 0.096875 0.2765625
0 0.72109375 0.53984375 0.125 0.325
0 0.75703125 0.4375 0.0625 0.14375
0 0.8140625 0.56484375 0.134375 0.396875
0 0.82578125 0.4828125 0.1078125 0.28125
1 0.14609375 0.62421875 0.1109375 0.228125
1 0.2984375 0.52109375 0.04375 0.08125
1 0.40859375 0.503125 0.0671875 0.06875
1 0.49140625 0.52109375 0.0625 0.1453125
1 0.55703125 0.5 0.0640625 0.1375