0 0.13671875 0.52421875 0.04609375 0.31875
0 0.184375 0.54296875 0.0609375 0.375
0 0.309375 0.5390625 0.0671875 0.321875
0 0.44921875 0.54609375 0.034375 0.35625
0 0.47890625 0.5421875 0.05546875 0.3734375
0 0.60390625 0.546875 0.07265625 0.3890625
0 0.65859375 0.53203125 0.053125 0.34609375
1 0.20078125 0.40703125 0.040625 0.04375
1 0.3453125 0.47109375 0.03828125 0.17109375
1 0.49296875 0.41796875 0.03046875 0.07109375
1 0.66875 0.396875 0.0140625 0.0359375
1 0.815625 0.46640625 0.05625 0.18125