0 0.08828125 0.53828125 0.146875 0.4546875
0 0.15703125 0.56015625 0.1890625 0.5171875
0 0.26171875 0.61953125 0.2359375 0.61875
0 0.346875 0.38203125 0.065625 0.090625
0 0.4171875 0.66328125 0.2203125 0.6515625
0 0.5125 0.63515625 0.1671875 0.50625
0 0.5875 0.47109375 0.0765625 0.1703125
0 0.6328125 0.57109375 0.1234375 0.3265625
0 0.72265625 0.6015625 0.128125 0.378125
0 0.82890625 0.6015625 0.1171875 0.315625
0 0.9125 0.61640625 0.1078125 0.2921875
1 0.09375 0.421875 0.125 0.25625
1 0.296875 0.3859375 0.08125 0.0953125
1 0.40703125 0.46171875 0.071875 0.18125
1 0.52890625 0.4375 0.04375 0.075
1 0.60859375 0.47421875 0.0546875 0.11875