0 0.0953125 0.5578125 0.1046875 0.3828125
0 0.1390625 0.51953125 0.075 0.2796875
0 0.190625 0.5484375 0.115625 0.40625
0 0.290625 0.525 0.0984375 0.3171875
0 0.3859375 0.5359375 0.1109375 0.3703125
0 0.44453125 0.5140625 0.0953125 0.325
0 0.55390625 0.5109375 0.1109375 0.3859375
0 0.61640625 0.4828125 0.0953125 0.3390625
1 0.7546875 0.409375 0.06875 0.1765625
1 0.5921875 0.36015625 0.0546875 0.034375
1 0.4421875 0.3984375 0.0484375 0.075
1 0.3140625 0.45859375 0.0625 0.1671875
1 0.15546875 0.41015625 0.0453125 0.03125