0 0.140625 0.56875 0.04765625 0.30234375
0 0.20546875 0.58203125 0.0453125 0.2203125
0 0.33203125 0.58046875 0.0453125 0.2546875
0 0.43828125 0.57734375 0.03828125 0.265625
0 0.49609375 0.57890625 0.0546875 0.31484375
0 0.58359375 0.575 0.05234375 0.26640625
0 0.71484375 0.5984375 0.0546875 0.259375
1 0.23125 0.51484375 0.03671875 0.12734375
1 0.35703125 0.51640625 0.025 0.12734375
1 0.465625 0.4765625 0.0265625 0.046875
1 0.5890625 0.4671875 0.0421875 0.03515625
1 0.71875 0.48203125 0.0390625 0.05390625