0 0.1265625 0.66171875 0.078125 0.4765625
0 0.2140625 0.665625 0.10625 0.571875
0 0.34921875 0.628125 0.0765625 0.415625
0 0.44453125 0.625 0.0703125 0.453125
0 0.5109375 0.6 0.0484375 0.3625
0 0.565625 0.6171875 0.053125 0.359375
0 0.60703125 0.64140625 0.08125 0.565625
0 0.66015625 0.58125 0.0453125 0.390625
0 0.7109375 0.58203125 0.06875 0.3609375
0 0.7578125 0.55703125 0.053125 0.3
0 0.84921875 0.5546875 0.059375 0.3484375
1 0.11328125 0.4796875 0.08125 0.1765625
1 0.3203125 0.50859375 0.0671875 0.2265625
1 0.47734375 0.44375 0.0359375 0.0921875
1 0.66015625 0.4328125 0.0328125 0.0421875
1 0.71484375 0.43515625 0.0140625 0.0546875