0 0.10859375 0.58046875 0.1296875 0.4984375
0 0.18671875 0.63984375 0.134375 0.5
0 0.27421875 0.64609375 0.18125 0.5875
0 0.3390625 0.58046875 0.0953125 0.4359375
0 0.39375 0.60078125 0.125 0.4640625
0 0.46328125 0.65546875 0.1359375 0.4953125
0 0.8703125 0.5921875 0.075 0.3625
0 0.83828125 0.58203125 0.0609375 0.3671875
0 0.77890625 0.60859375 0.0796875 0.3921875
0 0.7265625 0.653125 0.0984375 0.44375
0 0.5671875 0.67265625 0.1328125 0.55
0 0.6625 0.640625 0.0953125 0.4296875
0 0.634375 0.446875 0.05 0.09375
0 0.75 0.4171875 0.0421875 0.0421875
1 0.6890625 0.45390625 0.046875 0.09375
1 0.45703125 0.42265625 0.0640625 0.0875
1 0.5875 0.44765625 0.0578125 0.1078125
1 0.3171875 0.41171875 0.05625 0.1078125
1 0.07109375 0.4640625 0.0609375 0.2625