0 0.075 0.5734375 0.1234375 0.471875
0 0.1828125 0.56796875 0.11875 0.4703125
0 0.26328125 0.6078125 0.1328125 0.5515625
0 0.4953125 0.57890625 0.1046875 0.43125
0 0.37578125 0.421875 0.0421875 0.0984375
0 0.3859375 0.6625 0.1515625 0.5984375
0 0.82734375 0.6078125 0.1046875 0.3859375
0 0.778125 0.5921875 0.078125 0.35625
0 0.69453125 0.69296875 0.134375 0.55625
0 0.62265625 0.5515625 0.0671875 0.315625
0 0.59921875 0.59921875 0.071875 0.3609375
0 0.5578125 0.6359375 0.1125 0.4828125
0 0.7453125 0.45 0.0640625 0.096875
1 0.14765625 0.4671875 0.0828125 0.2390625
1 0.3359375 0.4796875 0.0703125 0.2140625
1 0.46484375 0.4359375 0.0515625 0.090625
1 0.66171875 0.45546875 0.0484375 0.075
1 0.56328125 0.45546875 0.0265625 0.0859375