0 0.92265625 0.428125 0.11875 0.3234375
0 0.8015625 0.4359375 0.1171875 0.3078125
0 0.6984375 0.45078125 0.109375 0.334375
0 0.74921875 0.46953125 0.14375 0.384375
0 0.171875 0.7015625 0.1484375 0.3875
0 0.16484375 0.409375 0.134375 0.1484375
0 0.2671875 0.68203125 0.25625 0.6359375
0 0.35234375 0.578125 0.146875 0.4203125
0 0.4453125 0.56953125 0.165625 0.478125
0 0.50703125 0.5109375 0.1328125 0.3875
0 0.578125 0.52421875 0.115625 0.3875
0 0.6296875 0.56796875 0.16875 0.5125
1 0.0984375 0.54765625 0.1234375 0.2671875
1 0.2859375 0.496875 0.0859375 0.2296875
1 0.43515625 0.38203125 0.0375 0.0609375
1 0.54453125 0.384375 0.05 0.0984375
1 0.65390625 0.3921875 0.06875 0.1640625