0 0.85234375 0.55078125 0.0796875 0.2859375
0 0.7203125 0.57734375 0.0875 0.309375
0 0.62421875 0.5671875 0.0859375 0.2984375
0 0.4546875 0.6296875 0.1234375 0.3921875
0 0.38828125 0.62421875 0.084375 0.3
0 0.34375 0.67578125 0.1140625 0.4359375
0 0.20078125 0.53359375 0.0671875 0.121875
0 0.1984375 0.70625 0.1109375 0.4203125
0 0.15 0.7203125 0.1296875 0.509375
1 0.1984375 0.52578125 0.0265625 0.0671875
1 0.3515625 0.49921875 0.0375 0.0578125
1 0.4703125 0.53828125 0.0640625 0.1578125
1 0.57890625 0.515625 0.053125 0.140625
1 0.6640625 0.49921875 0.0515625 0.1296875