0 0.203125 0.68828125 0.159375 0.5171875
0 0.33203125 0.6765625 0.1484375 0.4265625
0 0.42109375 0.63125 0.13125 0.421875
0 0.52109375 0.634375 0.146875 0.50625
0 0.57109375 0.59453125 0.1140625 0.3703125
0 0.6796875 0.5953125 0.1140625 0.440625
0 0.7171875 0.54296875 0.090625 0.328125
0 0.7875 0.53515625 0.1 0.3671875
0 0.82421875 0.50390625 0.0828125 0.3390625
0 0.94765625 0.346875 0.0015625 0.009375
0 0.9203125 0.5109375 0.109375 0.3578125
1 0.146875 0.59375 0.09375 0.2625
1 0.3484375 0.484375 0.071875 0.109375
1 0.49765625 0.43828125 0.0625 0.0671875
1 0.6359375 0.4828125 0.0671875 0.184375
1 0.74609375 0.45546875 0.0671875 0.1703125