0 0.14765625 0.64140625 0.115625 0.69375
0 0.328125 0.69140625 0.1109375 0.6109375
0 0.40390625 0.6046875 0.0671875 0.540625
0 0.478125 0.6484375 0.0796875 0.5734375
0 0.575 0.60703125 0.075 0.4140625
0 0.70390625 0.559375 0.05 0.3734375
0 0.746875 0.6046875 0.078125 0.5015625
0 0.81953125 0.55390625 0.0640625 0.35
0 0.9234375 0.55625 0.0765625 0.5203125
1 0.0609375 0.51328125 0.0828125 0.3296875
1 0.321875 0.41171875 0.0796875 0.13125
1 0.503125 0.46875 0.0578125 0.23125
1 0.64765625 0.46796875 0.0546875 0.215625
1 0.77421875 0.40703125 0.0203125 0.103125