0 0.121875 0.65859375 0.1046875 0.4984375
0 0.30078125 0.66484375 0.1515625 0.6703125
0 0.375 0.6078125 0.0703125 0.45
0 0.496875 0.63515625 0.11875 0.5296875
0 0.57578125 0.42734375 0.078125 0.1984375
0 0.55859375 0.584375 0.0765625 0.4390625
0 0.67734375 0.5578125 0.0703125 0.346875
0 0.778125 0.58125 0.0796875 0.4453125
0 0.83515625 0.5921875 0.1078125 0.475
1 0.0953125 0.5078125 0.1 0.29375
1 0.3296875 0.4109375 0.0578125 0.0828125
1 0.471875 0.42109375 0.04375 0.103125
1 0.628125 0.471875 0.053125 0.1953125
1 0.72890625 0.459375 0.0515625 0.1734375