0 0.17734375 0.5953125 0.121875 0.5125
0 0.25234375 0.63671875 0.1921875 0.621875
0 0.3875 0.6078125 0.0984375 0.440625
0 0.45 0.63671875 0.134375 0.5
0 0.53046875 0.6046875 0.090625 0.3734375
0 0.65078125 0.590625 0.084375 0.3265625
0 0.684375 0.6734375 0.146875 0.390625
0 0.75390625 0.6046875 0.0765625 0.321875
0 0.81171875 0.65 0.1109375 0.36875
1 0.1484375 0.484375 0.0984375 0.2640625
1 0.35234375 0.5015625 0.0828125 0.23125
1 0.50546875 0.45234375 0.0515625 0.0828125
1 0.61875 0.52265625 0.0625 0.175
1 0.71640625 0.48203125 0.0421875 0.0578125