0 0.8328125 0.64140625 0.1375 0.4046875
0 0.7265625 0.60390625 0.1078125 0.3296875
0 0.66640625 0.6453125 0.128125 0.409375
0 0.57578125 0.615625 0.1109375 0.334375
0 0.503125 0.6234375 0.1625 0.4703125
0 0.18671875 0.56015625 0.2046875 0.5296875
0 0.3203125 0.51796875 0.140625 0.3703125
0 0.37421875 0.66953125 0.221875 0.6265625
1 0.2328125 0.36796875 0.084375 0.075
1 0.41328125 0.41640625 0.0421875 0.0859375
1 0.56796875 0.47265625 0.0671875 0.1328125
1 0.69765625 0.4859375 0.059375 0.096875
1 0.7921875 0.54140625 0.0734375 0.171875