0 0.9515625 0.51171875 0.096875 0.3203125
0 0.90078125 0.5875 0.115625 0.346875
0 0.81953125 0.53984375 0.0890625 0.2828125
0 0.775 0.56171875 0.1265625 0.3546875
0 0.64140625 0.46875 0.0453125 0.10625
0 0.6859375 0.5796875 0.0921875 0.3046875
0 0.56484375 0.50703125 0.0640625 0.153125
0 0.63671875 0.69921875 0.1828125 0.5140625
0 0.55390625 0.62890625 0.115625 0.346875
0 0.50859375 0.678125 0.15625 0.48125
0 0.43359375 0.66171875 0.146875 0.4140625
0 0.34765625 0.675 0.1484375 0.41875
0 0.26328125 0.7640625 0.1765625 0.471875
0 0.13671875 0.571875 0.1 0.1265625
0 0.1671875 0.765625 0.178125 0.46875
0 0.6890625 0.47109375 0.053125 0.10625
1 0.60546875 0.46875 0.0484375 0.0703125
1 0.52578125 0.48515625 0.05 0.08125
1 0.41015625 0.4984375 0.0625 0.071875
1 0.29140625 0.5921875 0.1 0.215625
1 0.1015625 0.64609375 0.125 0.25625