0 0.95 0.49609375 0.1 0.3203125
0 0.90390625 0.5734375 0.1265625 0.3453125
0 0.8203125 0.52890625 0.0984375 0.28125
0 0.77734375 0.5515625 0.1375 0.3546875
0 0.63984375 0.46328125 0.0484375 0.10625
0 0.6890625 0.57265625 0.1015625 0.303125
0 0.56484375 0.5046875 0.06875 0.153125
0 0.64375 0.69453125 0.2 0.5140625
0 0.55859375 0.62734375 0.1265625 0.3453125
0 0.51484375 0.67734375 0.1734375 0.478125
0 0.4390625 0.6640625 0.1609375 0.4125
0 0.35390625 0.68046875 0.1625 0.4171875
0 0.2734375 0.76796875 0.19375 0.4640625
0 0.1390625 0.584375 0.103125 0.128125
0 0.1765625 0.771875 0.19375 0.45625
0 0.6875 0.46484375 0.05625 0.10625
1 0.60390625 0.46484375 0.05 0.0703125
1 0.525 0.484375 0.053125 0.0828125
1 0.41015625 0.5015625 0.0640625 0.0734375
1 0.29453125 0.59921875 0.10625 0.215625
1 0.10703125 0.66015625 0.1328125 0.25625