0 0.85625 0.50078125 0.103125 0.396875
0 0.6765625 0.5234375 0.0796875 0.3578125
0 0.6390625 0.54375 0.1015625 0.403125
0 0.41953125 0.56953125 0.1015625 0.4046875
0 0.4546875 0.54921875 0.090625 0.3578125
0 0.28359375 0.5671875 0.096875 0.375
0 0.21796875 0.57578125 0.1171875 0.4390625
0 0.06796875 0.55625 0.0828125 0.259375
0 0.09921875 0.61015625 0.084375 0.3578125
1 0.815625 0.41953125 0.053125 0.2
1 0.63671875 0.37421875 0.0546875 0.065625
1 0.46796875 0.46796875 0.059375 0.1890625
1 0.31015625 0.490625 0.0671875 0.1890625
1 0.15 0.51328125 0.06875 0.1890625