0 0.8546875 0.52578125 0.0765625 0.39375
0 0.675 0.5359375 0.0546875 0.35625
0 0.63515625 0.553125 0.0734375 0.4
0 0.41484375 0.5640625 0.0734375 0.4015625
0 0.4515625 0.54609375 0.0671875 0.35625
0 0.27890625 0.55234375 0.071875 0.371875
0 0.21328125 0.55625 0.0875 0.4359375
0 0.06484375 0.52578125 0.065625 0.2578125
0 0.0921875 0.58203125 0.059375 0.35625
1 0.82109375 0.4421875 0.0390625 0.2
1 0.6453125 0.38359375 0.05 0.0625
1 0.4703125 0.465625 0.046875 0.1875
1 0.31171875 0.47734375 0.0546875 0.1859375
1 0.15 0.4890625 0.05625 0.1875