0 0.075 0.65859375 0.0859375 0.3171875
0 0.121875 0.61171875 0.0859375 0.3484375
0 0.178125 0.62421875 0.1109375 0.4453125
0 0.2546875 0.60546875 0.1078125 0.4125
0 0.29609375 0.6109375 0.08125 0.3328125
0 0.41953125 0.5890625 0.103125 0.384375
0 0.46796875 0.58671875 0.0890625 0.334375
0 0.6015625 0.565625 0.09375 0.3765625
0 0.653125 0.565625 0.0921875 0.384375
0 0.8046875 0.54765625 0.109375 0.3703125
1 0.1515625 0.4765625 0.05625 0.040625
1 0.31484375 0.53359375 0.0734375 0.1796875
1 0.465625 0.5140625 0.0609375 0.1875
1 0.62578125 0.42109375 0.05625 0.05
1 0.7953125 0.40390625 0.065625 0.059375