0 0.08046875 0.534375 0.0875 0.2984375
0 0.190625 0.52890625 0.1046875 0.4046875
0 0.25546875 0.52578125 0.09375 0.3609375
0 0.3734375 0.56796875 0.0984375 0.396875
0 0.428125 0.54921875 0.0859375 0.3484375
0 0.57890625 0.59609375 0.08125 0.3671875
0 0.5984375 0.528125 0.0859375 0.275
0 0.77109375 0.59140625 0.103125 0.365625
0 0.82734375 0.6046875 0.109375 0.4328125
1 0.13046875 0.45390625 0.0671875 0.1796875
1 0.2953125 0.4703125 0.05625 0.1765625
1 0.44765625 0.48515625 0.05 0.1828125
1 0.621875 0.50078125 0.0453125 0.1921875
1 0.76640625 0.5078125 0.05 0.1796875