0 0.06171875 0.46015625 0.1234375 0.3359375
0 0.1046875 0.4890625 0.14375 0.390625
0 0.1765625 0.47734375 0.1359375 0.3140625
0 0.3203125 0.51484375 0.1359375 0.321875
0 0.42109375 0.5640625 0.1390625 0.359375
0 0.46328125 0.5546875 0.11875 0.3140625
0 0.62109375 0.58515625 0.1453125 0.3625
0 0.80546875 0.640625 0.1546875 0.3578125
1 0.803125 0.56953125 0.09375 0.18125
1 0.653125 0.53359375 0.0890625 0.1765625
1 0.50234375 0.4984375 0.0734375 0.171875
1 0.36953125 0.46015625 0.0765625 0.1671875
1 0.228125 0.4296875 0.0828125 0.1671875