0 0.08515625 0.54296875 0.06015625 0.2921875
0 0.153125 0.54609375 0.0546875 0.365625
0 0.26328125 0.54296875 0.0640625 0.30078125
0 0.38671875 0.5484375 0.04765625 0.29609375
0 0.48828125 0.5671875 0.0765625 0.3609375
0 0.61796875 0.546875 0.06484375 0.29453125
0 0.84375 0.55546875 0.06796875 0.30859375
1 0.80859375 0.478125 0.03125 0.16953125
1 0.634375 0.42734375 0.0546875 0.0578125
1 0.44140625 0.48203125 0.05546875 0.1546875
1 0.290625 0.434375 0.046875 0.05859375
1 0.11953125 0.42890625 0.03046875 0.040625