0 0.08828125 0.66484375 0.125 0.3359375
0 0.14296875 0.66953125 0.1375 0.3921875
0 0.2015625 0.6265625 0.1296875 0.3140625
0 0.34609375 0.59453125 0.13125 0.3234375
0 0.45859375 0.59296875 0.1328125 0.359375
0 0.4921875 0.56484375 0.1125 0.3140625
0 0.646875 0.5203125 0.1390625 0.3640625
0 0.8359375 0.48671875 0.1484375 0.359375
1 0.8015625 0.42421875 0.090625 0.18125
1 0.6515625 0.46015625 0.0875 0.1765625
1 0.50078125 0.49765625 0.071875 0.171875
1 0.365625 0.5234375 0.0734375 0.1671875
1 0.2265625 0.5609375 0.0796875 0.1671875