0 0.04609375 0.503125 0.0921875 0.39375
0 0.12421875 0.49453125 0.1125 0.340625
0 0.30625 0.51328125 0.1125 0.3609375
0 0.378125 0.55 0.1359375 0.3640625
0 0.45 0.5296875 0.11875 0.3640625
0 0.61171875 0.55078125 0.096875 0.3484375
0 0.63828125 0.5546875 0.0921875 0.3578125
0 0.68125 0.5671875 0.1265625 0.4375
0 0.82109375 0.61328125 0.1046875 0.3328125
1 0.18203125 0.4328125 0.0703125 0.1765625
1 0.34296875 0.41328125 0.05 0.109375
1 0.4859375 0.47109375 0.0625 0.1796875
1 0.65703125 0.4234375 0.0671875 0.0515625
1 0.825 0.48203125 0.0703125 0.1390625