0 0.125 0.47578125 0.053125 0.17109375
0 0.15078125 0.6640625 0.0640625 0.51640625
0 0.22578125 0.6765625 0.090625 0.534375
0 0.33125 0.54609375 0.03203125 0.2609375
0 0.36640625 0.61640625 0.07265625 0.4890625
0 0.434375 0.5875 0.0609375 0.43515625
0 0.546875 0.63203125 0.08828125 0.54140625
0 0.62578125 0.546875 0.053125 0.31171875
0 0.7140625 0.56953125 0.06875 0.33828125
0 0.74921875 0.53984375 0.0359375 0.30546875
0 0.79453125 0.54375 0.03125 0.28984375
0 0.825 0.56953125 0.06015625 0.39765625
0 0.8953125 0.5625 0.04609375 0.31796875
1 0.68984375 0.48359375 0.03828125 0.15078125
1 0.59140625 0.4359375 0.0375 0.06796875
1 0.4609375 0.49375 0.04921875 0.18125
1 0.31171875 0.50078125 0.0578125 0.20546875
1 0.1 0.51328125 0.0484375 0.2390625