0 0.83203125 0.51171875 0.075 0.309375
0 0.73828125 0.5234375 0.0734375 0.334375
0 0.653125 0.49765625 0.06875 0.3296875
0 0.11484375 0.5046875 0.10625 0.478125
0 0.1578125 0.509375 0.075 0.38125
0 0.24140625 0.54296875 0.103125 0.4515625
0 0.33515625 0.5046875 0.0640625 0.3375
0 0.3890625 0.5296875 0.078125 0.39375
0 0.45859375 0.5703125 0.0875 0.4625
0 0.5203125 0.3875 0.0515625 0.1125
0 0.55625 0.54140625 0.0734375 0.3390625
1 0.15625 0.41796875 0.05625 0.203125
1 0.3265625 0.42265625 0.0625 0.1890625
1 0.48125 0.3703125 0.04375 0.065625
1 0.6140625 0.428125 0.0484375 0.1640625
1 0.734375 0.38671875 0.0453125 0.0703125