0 0.1015625 0.58359375 0.08125 0.4265625
0 0.20078125 0.56015625 0.09375 0.39375
0 0.39375 0.54453125 0.053125 0.3359375
0 0.43828125 0.58828125 0.078125 0.5046875
0 0.5390625 0.478125 0.046875 0.2140625
0 0.5765625 0.5671875 0.084375 0.434375
0 0.64609375 0.53359375 0.071875 0.4109375
0 0.69921875 0.51328125 0.0703125 0.303125
0 0.82578125 0.4984375 0.0578125 0.3109375
0 0.9109375 0.50703125 0.065625 0.3515625
1 0.18828125 0.403125 0.0640625 0.05625
1 0.3734375 0.465625 0.0578125 0.1875
1 0.5171875 0.4546875 0.0453125 0.178125
1 0.6671875 0.378125 0.034375 0.0390625
1 0.778125 0.43359375 0.0484375 0.1546875