0 0.12578125 0.57421875 0.065625 0.4125
0 0.17578125 0.578125 0.0484375 0.325
0 0.2421875 0.57265625 0.078125 0.4125
0 0.3453125 0.56796875 0.075 0.353125
0 0.49921875 0.55546875 0.0609375 0.365625
0 0.5625 0.56953125 0.0625 0.3484375
0 0.6515625 0.5625 0.0640625 0.396875
0 0.709375 0.5625 0.0625 0.378125
0 0.91015625 0.56015625 0.0953125 0.38125
1 0.87578125 0.484375 0.046875 0.1953125
1 0.703125 0.4140625 0.05625 0.0421875
1 0.51875 0.42421875 0.053125 0.0484375
1 0.3703125 0.49453125 0.0484375 0.18125
1 0.2046875 0.43359375 0.0375 0.04375