0 0.86875 0.6984375 0.15625 0.365625
0 0.74375 0.6828125 0.1390625 0.3375
0 0.63125 0.640625 0.16875 0.43125
0 0.51015625 0.603125 0.18125 0.44375
0 0.378125 0.5953125 0.1703125 0.41875
0 0.240625 0.58046875 0.184375 0.4234375
0 0.15234375 0.56796875 0.1796875 0.4578125
0 0.0578125 0.540625 0.115625 0.440625
1 0.121875 0.434375 0.1234375 0.25
1 0.2796875 0.39765625 0.09375 0.10625
1 0.41171875 0.4265625 0.0828125 0.0875
1 0.53515625 0.453125 0.06875 0.0609375
1 0.646875 0.4890625 0.065625 0.0734375
1 0.76171875 0.52734375 0.0796875 0.1046875
1 0.8609375 0.5984375 0.1046875 0.20625
1 0.95703125 0.62421875 0.0859375 0.1953125