0 0.78671875 0.6859375 0.1046875 0.609375
0 0.7421875 0.53359375 0.046875 0.2359375
0 0.7 0.53828125 0.0625 0.3015625
0 0.63828125 0.546875 0.0671875 0.34375
0 0.584375 0.5625 0.065625 0.3640625
0 0.51015625 0.64921875 0.1328125 0.7015625
0 0.234375 0.62109375 0.1328125 0.59375
0 0.33359375 0.6765625 0.159375 0.6359375
1 0.175 0.5 0.0734375 0.2765625
1 0.44375 0.490625 0.05625 0.20625
1 0.5890625 0.41796875 0.0453125 0.0515625
1 0.64296875 0.42109375 0.046875 0.0421875
1 0.7015625 0.44140625 0.0453125 0.0671875
1 0.31484375 0.41484375 0.03125 0.103125