1 0.1125 0.4 0.0703125 0.209375
1 0.24921875 0.33984375 0.0640625 0.0796875
1 0.37578125 0.40234375 0.0625 0.1859375
1 0.48984375 0.40234375 0.0578125 0.1875
1 0.5953125 0.39921875 0.053125 0.1734375
1 0.69921875 0.4 0.04375 0.1609375
1 0.79296875 0.396875 0.05 0.1625
0 0.09140625 0.50625 0.075 0.38125
0 0.20859375 0.4890625 0.0921875 0.4453125
0 0.26015625 0.49765625 0.05 0.328125
0 0.6796875 0.478125 0.0609375 0.325
0 0.915625 0.46875 0.046875 0.3015625
0 0.87109375 0.47734375 0.0859375 0.4265625