0 0.1984375 0.3359375 0.046875 0.053125
0 0.19765625 0.4828125 0.084375 0.24375
0 0.27109375 0.496875 0.078125 0.2640625
0 0.32578125 0.50390625 0.1078125 0.3375
0 0.3984375 0.51875 0.1140625 0.378125
0 0.4953125 0.54609375 0.1265625 0.43125
0 0.6234375 0.59453125 0.1375 0.4734375
0 0.73515625 0.67734375 0.1640625 0.64375
1 0.22890625 0.4 0.0546875 0.14375
1 0.32890625 0.36015625 0.046875 0.053125
1 0.46328125 0.4453125 0.0671875 0.19375
1 0.5671875 0.46328125 0.078125 0.2203125
1 0.69375 0.4875 0.078125 0.240625
1 0.83984375 0.51484375 0.10625 0.2859375
1 0.2796875 0.35546875 0.0359375 0.04375
1 0.38984375 0.36953125 0.03125 0.053125