1 0.6546875 0.39375 0.05625 0.175
1 0.159375 0.37578125 0.0703125 0.2171875
1 0.3015625 0.3125 0.065625 0.0671875
1 0.43046875 0.31875 0.0609375 0.059375
1 0.5515625 0.33828125 0.0515625 0.0828125
1 0.76328125 0.39453125 0.046875 0.1703125
1 0.8609375 0.32890625 0.034375 0.0375
1 0.95078125 0.403125 0.040625 0.171875
0 0.8796875 0.48125 0.0890625 0.4296875
0 0.79296875 0.48125 0.0671875 0.346875
0 0.56015625 0.478125 0.06875 0.35
0 0.4296875 0.47265625 0.071875 0.4078125
0 0.309375 0.478125 0.0671875 0.396875
0 0.25234375 0.48671875 0.096875 0.4734375
0 0.12578125 0.47421875 0.0984375 0.3921875