0 0.1296875 0.67578125 0.2125 0.6484375
0 0.40859375 0.63515625 0.1828125 0.7296875
0 0.3890625 0.62734375 0.14375 0.5984375
0 0.64140625 0.54296875 0.1046875 0.425
0 0.91640625 0.4625 0.0875 0.309375
1 0.08515625 0.390625 0.125 0.1265625
1 0.3125 0.4765625 0.115625 0.303125
1 0.4640625 0.453125 0.0875 0.265625
1 0.5734375 0.4390625 0.0828125 0.2390625
1 0.66875 0.42421875 0.0625 0.2140625
1 0.740625 0.41640625 0.065625 0.184375
1 0.80390625 0.40703125 0.0609375 0.175
1 0.85625 0.39453125 0.05625 0.165625