1 0.203125 0.35703125 0.09375 0.1859375
1 0.32421875 0.32421875 0.0734375 0.075
1 0.41953125 0.4046875 0.08125 0.1703125
1 0.51796875 0.428125 0.0828125 0.16875
1 0.61953125 0.44921875 0.06875 0.1640625
1 0.7015625 0.47109375 0.0609375 0.159375
1 0.79765625 0.49140625 0.0703125 0.153125
1 0.90078125 0.5140625 0.0578125 0.15625
0 0.109375 0.45078125 0.16875 0.428125
0 0.27578125 0.51796875 0.2234375 0.553125
0 0.56875 0.53359375 0.115625 0.315625
0 0.7125 0.54609375 0.115625 0.29375
0 0.80859375 0.5671875 0.115625 0.2953125
0 0.85546875 0.57421875 0.1125 0.3203125