0 0.32578125 0.5625 0.0875 0.478125
0 0.578125 0.53984375 0.0546875 0.3953125
0 0.73984375 0.53515625 0.0546875 0.31171875
0 0.878125 0.534375 0.0640625 0.26171875
1 0.115625 0.45078125 0.08515625 0.2734375
1 0.2859375 0.45 0.07265625 0.24921875
1 0.42265625 0.45390625 0.059375 0.225
1 0.53203125 0.453125 0.04453125 0.2046875
1 0.62734375 0.45546875 0.03671875 0.18515625
1 0.70546875 0.45390625 0.0359375 0.17421875
1 0.77890625 0.4546875 0.0296875 0.15859375
1 0.83203125 0.4546875 0.046875 0.14140625