1 0.17890625 0.42734375 0.05546875 0.178125
1 0.2890625 0.36796875 0.06015625 0.06328125
1 0.4 0.425 0.0453125 0.1640625
1 0.5015625 0.42578125 0.046875 0.1625
1 0.6046875 0.4234375 0.03359375 0.1609375
1 0.68984375 0.4265625 0.0265625 0.15703125
1 0.78828125 0.425 0.03828125 0.14765625
1 0.89375 0.4234375 0.0234375 0.15546875
0 0.10859375 0.53984375 0.07578125 0.42265625
0 0.2859375 0.56796875 0.10390625 0.54296875
0 0.57421875 0.5171875 0.04609375 0.31328125
0 0.7171875 0.496875 0.05234375 0.2890625
0 0.815625 0.49609375 0.05234375 0.290625
0 0.86328125 0.4921875 0.04140625 0.31953125