1 0.290625 0.42578125 0.040625 0.140625
1 0.3453125 0.3796875 0.0328125 0.0578125
1 0.4171875 0.428125 0.0453125 0.165625
1 0.49375 0.37421875 0.05 0.0625
1 0.59296875 0.43046875 0.0640625 0.2015625
1 0.7140625 0.43359375 0.0625 0.2109375
1 0.8515625 0.43515625 0.090625 0.24375
0 0.13515625 0.5015625 0.0609375 0.321875
0 0.19140625 0.5375 0.0828125 0.3546875
0 0.25 0.4796875 0.05 0.26875
0 0.30859375 0.496875 0.0578125 0.275
0 0.37734375 0.49375 0.0609375 0.3046875
0 0.4546875 0.50390625 0.06875 0.340625
0 0.53984375 0.49921875 0.0828125 0.4109375
0 0.6703125 0.5296875 0.0953125 0.4390625
0 0.821875 0.53359375 0.1046875 0.51875