1 0.2796875 0.4671875 0.065625 0.1421875
1 0.325 0.41171875 0.04375 0.0625
1 0.40546875 0.4453125 0.0765625 0.1671875
1 0.46953125 0.378125 0.059375 0.0703125
1 0.578125 0.41328125 0.1 0.20625
1 0.69765625 0.39375 0.1015625 0.2140625
1 0.8328125 0.36953125 0.134375 0.2515625
0 0.14296875 0.57109375 0.1203125 0.321875
0 0.20390625 0.5953125 0.1484375 0.35625
0 0.25078125 0.52734375 0.1 0.26875
0 0.31171875 0.53359375 0.1078125 0.275
0 0.37890625 0.5171875 0.1171875 0.3046875
0 0.45625 0.5125 0.13125 0.340625
0 0.5390625 0.4921875 0.159375 0.4109375
0 0.67265625 0.49609375 0.175 0.4390625
0 0.821875 0.47109375 0.2 0.51875