0 0.065625 0.56171875 0.05234375 0.303125
0 0.1359375 0.55078125 0.040625 0.271875
0 0.196875 0.52421875 0.03671875 0.259375
0 0.22890625 0.5515625 0.03046875 0.26953125
0 0.26015625 0.56171875 0.04765625 0.3375
0 0.321875 0.55234375 0.05078125 0.2859375
0 0.36796875 0.54765625 0.03828125 0.2515625
0 0.43515625 0.53203125 0.04765625 0.32421875
0 0.5265625 0.5390625 0.046875 0.29765625
0 0.5703125 0.58671875 0.08046875 0.3890625
0 0.6546875 0.58046875 0.05703125 0.3078125
0 0.76796875 0.57890625 0.06875 0.43359375
0 0.803125 0.56640625 0.0578125 0.37421875
0 0.91640625 0.58046875 0.065625 0.38359375
1 0.3140625 0.42890625 0.04609375 0.0578125
1 0.38984375 0.4796875 0.03828125 0.1546875
1 0.47421875 0.48046875 0.0453125 0.16328125
1 0.55546875 0.42421875 0.03046875 0.0515625
1 0.671875 0.48359375 0.04921875 0.1703125
1 0.81015625 0.41953125 0.02578125 0.05859375
1 0.92734375 0.42578125 0.06328125 0.07109375