1 0.190625 0.45234375 0.0578125 0.05
1 0.29921875 0.490625 0.0703125 0.159375
1 0.375 0.4109375 0.0359375 0.0421875
1 0.46953125 0.41953125 0.0671875 0.090625
1 0.565625 0.38828125 0.053125 0.05625
1 0.66796875 0.37578125 0.0609375 0.078125
1 0.76484375 0.35234375 0.0453125 0.071875
1 0.8796875 0.3828125 0.0734375 0.165625
0 0.08359375 0.6171875 0.1 0.3078125
0 0.140625 0.6046875 0.115625 0.3359375
0 0.22109375 0.5890625 0.1421875 0.3796875
0 0.2921875 0.56640625 0.096875 0.2859375
0 0.38203125 0.53984375 0.0890625 0.3046875
0 0.425 0.55625 0.1328125 0.403125
0 0.53984375 0.56015625 0.10625 0.340625
0 0.5875 0.50390625 0.1078125 0.315625
0 0.69453125 0.50546875 0.1078125 0.3015625
0 0.78203125 0.49375 0.115625 0.3328125
0 0.81328125 0.4546875 0.10625 0.3203125
0 0.9171875 0.46328125 0.1140625 0.3078125