1 0.1703125 0.4109375 0.065625 0.1734375
1 0.2390625 0.41484375 0.059375 0.178125
1 0.334375 0.3765625 0.059375 0.0734375
1 0.42578125 0.45078125 0.078125 0.2046875
1 0.5390625 0.46953125 0.08125 0.2171875
1 0.66328125 0.49140625 0.1 0.2375
1 0.82890625 0.515625 0.1125 0.2578125
0 0.6296875 0.59765625 0.1328125 0.4546875
0 0.48359375 0.57421875 0.103125 0.384375
0 0.36015625 0.53046875 0.1078125 0.3859375
0 0.2734375 0.53203125 0.1265625 0.484375
0 0.11953125 0.48203125 0.0953125 0.296875
0 0.0703125 0.46484375 0.075 0.284375
0 0.034375 0.45078125 0.06875 0.2828125