0 0.025 0.53125 0.03125 0.278125
0 0.06171875 0.52734375 0.05 0.30625
0 0.17109375 0.54140625 0.03125 0.29375
0 0.21328125 0.55546875 0.0640625 0.3875
0 0.278125 0.54296875 0.03125 0.3125
0 0.31171875 0.5796875 0.0453125 0.378125
0 0.3765625 0.5453125 0.05 0.3625
0 0.45546875 0.6 0.0765625 0.45625
0 0.45078125 0.3953125 0.0453125 0.090625
0 0.5140625 0.59375 0.0359375 0.3609375
0 0.60390625 0.6109375 0.05625 0.3875
0 0.628125 0.48828125 0.04375 0.2390625
0 0.74296875 0.6078125 0.075 0.4375
0 0.9421875 0.61171875 0.08125 0.515625
0 0.884375 0.434375 0.040625 0.140625
1 0.121875 0.45859375 0.05 0.1625
1 0.2125 0.4078125 0.053125 0.053125
1 0.4046875 0.4203125 0.053125 0.0703125
1 0.51640625 0.42265625 0.05 0.071875
1 0.6296875 0.41328125 0.0453125 0.0515625
1 0.74921875 0.42578125 0.053125 0.0625
1 0.87421875 0.42109375 0.0515625 0.0625