0 0.103125 0.5875 0.0921875 0.4046875
0 0.14921875 0.55234375 0.0890625 0.3421875
0 0.15 0.5234375 0.0875 0.3265625
0 0.3015625 0.54453125 0.0625 0.2671875
0 0.31796875 0.55859375 0.06875 0.3
0 0.43046875 0.5265625 0.06875 0.2984375
0 0.45703125 0.528125 0.059375 0.28125
0 0.57890625 0.5109375 0.05625 0.2765625
0 0.609375 0.5421875 0.078125 0.2734375
0 0.7015625 0.5328125 0.078125 0.2703125
0 0.740625 0.54453125 0.071875 0.303125
1 0.15625 0.4625 0.053125 0.1578125
1 0.309375 0.425 0.0484375 0.071875
1 0.4390625 0.403125 0.0390625 0.0359375
1 0.5671875 0.459375 0.04375 0.1328125
1 0.68046875 0.4578125 0.0421875 0.1328125