0 0.1890625 0.5640625 0.1359375 0.4
0 0.30078125 0.57265625 0.115625 0.378125
0 0.36796875 0.525 0.1046875 0.3515625
0 0.43203125 0.53359375 0.0984375 0.35
0 0.48828125 0.49765625 0.090625 0.31875
0 0.54453125 0.49140625 0.103125 0.3421875
0 0.58828125 0.4734375 0.071875 0.3
0 0.6359375 0.48515625 0.1046875 0.371875
0 0.67109375 0.44921875 0.05625 0.2625
0 0.69453125 0.46328125 0.0875 0.3078125
1 0.15234375 0.4765625 0.090625 0.215625
1 0.30234375 0.4015625 0.0609375 0.0859375
1 0.42890625 0.428125 0.065625 0.171875
1 0.5328125 0.378125 0.0484375 0.0828125
1 0.61796875 0.3515625 0.0390625 0.0375