0 0.18515625 0.459375 0.16875 0.4015625
0 0.28828125 0.50390625 0.146875 0.378125
0 0.36640625 0.48046875 0.134375 0.3515625
0 0.42421875 0.509375 0.1265625 0.35
0 0.48984375 0.49375 0.1171875 0.31875
0 0.5453125 0.50625 0.13125 0.3421875
0 0.5921875 0.50390625 0.096875 0.2984375
0 0.63359375 0.5296875 0.1359375 0.371875
0 0.678125 0.5078125 0.078125 0.2609375
0 0.69609375 0.52890625 0.1140625 0.3078125
1 0.17890625 0.36484375 0.10625 0.21875
1 0.3453125 0.3421875 0.0671875 0.0890625
1 0.45625 0.409375 0.0796875 0.1734375
1 0.57109375 0.3953125 0.0546875 0.0859375
1 0.66015625 0.3984375 0.0421875 0.040625