0 0.16171875 0.5734375 0.02734375 0.2359375
0 0.20859375 0.56015625 0.0328125 0.2203125
0 0.27421875 0.56328125 0.04921875 0.28984375
0 0.32578125 0.5625 0.0328125 0.22265625
0 0.4125 0.578125 0.04453125 0.2734375
0 0.4375 0.5078125 0.0265625 0.15859375
0 0.55546875 0.5546875 0.0265625 0.2375
0 0.58203125 0.56484375 0.04453125 0.26015625
1 0.67421875 0.50234375 0.03828125 0.128125
1 0.559375 0.50546875 0.034375 0.121875
1 0.43828125 0.50625 0.0421875 0.12265625
1 0.3375 0.50234375 0.034375 0.11875
1 0.23046875 0.50546875 0.02890625 0.121875