1 0.28359375 0.41953125 0.059375 0.165625
1 0.42734375 0.37265625 0.053125 0.0828125
0 0.14375 0.53515625 0.1265625 0.5078125
1 0.128125 0.3546875 0.053125 0.0296875
0 0.0828125 0.50625 0.0640625 0.3078125
0 0.1953125 0.5109375 0.08125 0.3375
0 0.2765625 0.49921875 0.0859375 0.3390625
0 0.38359375 0.4953125 0.090625 0.3328125
0 0.434375 0.4890625 0.071875 0.3046875
0 0.59453125 0.4953125 0.078125 0.3265625
0 0.765625 0.47578125 0.0859375 0.3703125
1 0.59765625 0.415625 0.05625 0.1828125
1 0.76015625 0.33984375 0.0578125 0.0453125