0 0.11953125 0.66015625 0.115625 0.409375
0 0.15625 0.62421875 0.1078125 0.378125
0 0.24765625 0.6203125 0.159375 0.484375
0 0.334375 0.6296875 0.15625 0.5390625
0 0.43046875 0.5796875 0.1203125 0.3796875
0 0.5015625 0.56171875 0.1203125 0.3765625
0 0.55 0.50859375 0.0875 0.284375
0 0.61171875 0.49765625 0.09375 0.3171875
0 0.63984375 0.471875 0.0765625 0.2640625
0 0.6984375 0.4125 0.05625 0.140625
0 0.7421875 0.48984375 0.10625 0.3265625
0 0.81484375 0.471875 0.1359375 0.36875
0 0.85859375 0.3796875 0.0734375 0.178125
0 0.91796875 0.4796875 0.121875 0.3859375
1 0.48828125 0.42109375 0.053125 0.0828125
1 0.578125 0.43984375 0.0546875 0.140625
1 0.384375 0.4796875 0.0734375 0.171875
1 0.2578125 0.4359375 0.05 0.0546875
1 0.08984375 0.4890625 0.075 0.1078125