0 0.77578125 0.45703125 0.040625 0.2625
0 0.73984375 0.48671875 0.0546875 0.3640625
0 0.56640625 0.48125 0.0359375 0.25625
0 0.6609375 0.46796875 0.04375 0.2015625
0 0.60703125 0.47421875 0.0265625 0.1796875
0 0.62890625 0.48359375 0.04375 0.275
0 0.19453125 0.553125 0.075 0.4421875
0 0.2234375 0.42578125 0.0671875 0.128125
0 0.359375 0.5078125 0.0484375 0.3078125
0 0.309375 0.57890625 0.0703125 0.43125
0 0.43203125 0.53671875 0.0578125 0.353125
0 0.4921875 0.54609375 0.065625 0.3703125
1 0.15390625 0.46875 0.046875 0.1875
1 0.32109375 0.4015625 0.04375 0.065625
1 0.4296875 0.39375 0.0421875 0.05625
1 0.53046875 0.43125 0.03125 0.1296875
1 0.59921875 0.425 0.0328125 0.1140625