0 0.08671875 0.6390625 0.059375 0.45625
0 0.17265625 0.6015625 0.053125 0.46875
0 0.24296875 0.65625 0.078125 0.53125
0 0.38203125 0.5765625 0.059375 0.4359375
0 0.4734375 0.60703125 0.05625 0.45
0 0.51484375 0.54921875 0.040625 0.359375
0 0.63203125 0.48671875 0.021875 0.2375
0 0.66328125 0.58359375 0.059375 0.4203125
0 0.73671875 0.521875 0.034375 0.309375
0 0.76640625 0.5609375 0.05 0.334375
0 0.878125 0.54375 0.078125 0.2984375
1 0.121875 0.44453125 0.0734375 0.153125
1 0.32421875 0.4796875 0.0609375 0.215625
1 0.465625 0.41328125 0.04375 0.065625
1 0.59296875 0.46875 0.040625 0.16875
1 0.68828125 0.42109375 0.034375 0.06875