0 0.16875 0.60546875 0.1640625 0.4390625
0 0.2609375 0.6078125 0.1546875 0.4390625
0 0.40234375 0.54921875 0.1203125 0.3421875
0 0.45078125 0.5546875 0.14375 0.40625
0 0.52421875 0.50625 0.1078125 0.309375
0 0.64296875 0.46171875 0.109375 0.278125
0 0.73203125 0.446875 0.0984375 0.240625
0 0.86015625 0.4328125 0.1484375 0.371875
1 0.15078125 0.440625 0.08125 0.0890625
1 0.34765625 0.46953125 0.0890625 0.1921875
1 0.48125 0.43984375 0.0703125 0.1703125
1 0.6 0.4125 0.0671875 0.1578125
1 0.6890625 0.390625 0.0609375 0.140625