0 0.121875 0.55859375 0.0484375 0.390625
0 0.1671875 0.57578125 0.04375 0.4734375
0 0.21796875 0.6015625 0.071875 0.5640625
0 0.2984375 0.5390625 0.0484375 0.3828125
0 0.34921875 0.55234375 0.0671875 0.375
0 0.440625 0.5328125 0.0515625 0.396875
0 0.47734375 0.43046875 0.0453125 0.16875
0 0.55546875 0.5109375 0.0484375 0.321875
0 0.6046875 0.534375 0.0609375 0.3640625
0 0.6421875 0.496875 0.034375 0.2828125
0 0.67578125 0.47578125 0.040625 0.2375
0 0.7359375 0.51640625 0.0546875 0.3171875
0 0.7984375 0.4921875 0.0578125 0.275
0 0.78125 0.3796875 0.0328125 0.0734375
1 0.1 0.4546875 0.0734375 0.21875
1 0.27578125 0.39375 0.0421875 0.0796875
1 0.40703125 0.43984375 0.046875 0.15625
1 0.5171875 0.4328125 0.0375 0.1421875
1 0.5984375 0.4015625 0.0359375 0.0765625