1 0.1484375 0.56171875 0.1328125 0.3546875
1 0.3203125 0.5296875 0.084375 0.29375
1 0.44375 0.51171875 0.0765625 0.2484375
1 0.53515625 0.5078125 0.0609375 0.2078125
1 0.603125 0.48671875 0.05625 0.175
1 0.6546875 0.48046875 0.04375 0.1359375
1 0.70078125 0.4828125 0.046875 0.1421875
1 0.73984375 0.47734375 0.0359375 0.121875
0 0.1921875 0.69765625 0.175 0.6046875
0 0.3953125 0.66015625 0.1359375 0.5390625
0 0.59921875 0.59375 0.1 0.3765625
0 0.65703125 0.56171875 0.0703125 0.3609375
0 0.7625 0.53671875 0.0890625 0.284375
0 0.83125 0.5203125 0.078125 0.3