0 0.07421875 0.4203125 0.1484375 0.378125
0 0.1859375 0.428125 0.1546875 0.353125
0 0.29296875 0.46953125 0.1421875 0.3359375
0 0.39453125 0.4890625 0.128125 0.2875
0 0.846875 0.61640625 0.128125 0.2828125
1 0.2125 0.37109375 0.1078125 0.19375
1 0.31796875 0.396875 0.0921875 0.1859375
1 0.42578125 0.41015625 0.0890625 0.1625
1 0.52890625 0.440625 0.0890625 0.1875
1 0.634375 0.46328125 0.0875 0.1828125
1 0.7390625 0.490625 0.0875 0.18125
1 0.84765625 0.51328125 0.090625 0.178125
1 0.953125 0.53828125 0.09375 0.1890625