0 0.05625 0.51171875 0.1125 0.3640625
0 0.16015625 0.5328125 0.1640625 0.35
0 0.2921875 0.553125 0.146875 0.35625
0 0.428125 0.55859375 0.1671875 0.3828125
0 0.55078125 0.55703125 0.1703125 0.4265625
0 0.66171875 0.58515625 0.159375 0.3953125
0 0.79453125 0.6140625 0.1609375 0.3625
0 0.934375 0.62109375 0.13125 0.3921875
1 0.090625 0.42109375 0.1109375 0.2046875
1 0.2140625 0.4375 0.1078125 0.209375
1 0.3328125 0.4546875 0.109375 0.209375
1 0.4484375 0.47421875 0.1 0.1921875
1 0.57734375 0.42578125 0.0625 0.059375
1 0.6890625 0.4578125 0.08125 0.103125
1 0.8015625 0.4953125 0.0875 0.13125
1 0.91171875 0.5359375 0.1 0.20625