0 0.121875 0.5171875 0.096875 0.2859375
0 0.1546875 0.5046875 0.078125 0.2484375
0 0.23828125 0.5203125 0.0734375 0.2578125
0 0.33359375 0.5421875 0.1046875 0.33125
0 0.39921875 0.5421875 0.06875 0.303125
0 0.428125 0.57109375 0.0890625 0.3203125
0 0.53125 0.55 0.0921875 0.31875
0 0.61328125 0.5640625 0.1 0.31875
0 0.68984375 0.58046875 0.103125 0.3484375
1 0.8484375 0.53046875 0.0734375 0.1890625
1 0.7375 0.51484375 0.0703125 0.1828125
1 0.62890625 0.50078125 0.0640625 0.1734375
1 0.5328125 0.46328125 0.0578125 0.1171875
1 0.44140625 0.45 0.0578125 0.1046875
1 0.3546875 0.4421875 0.059375 0.0984375
1 0.27421875 0.4578125 0.0609375 0.140625
1 0.19609375 0.4484375 0.0578125 0.1359375