0 0.13828125 0.6 0.10625 0.28125
0 0.19375 0.6109375 0.15 0.3578125
0 0.3453125 0.58984375 0.1296875 0.3625
0 0.52421875 0.57421875 0.1703125 0.46875
0 0.63203125 0.5578125 0.159375 0.4203125
1 0.18203125 0.48203125 0.046875 0.0703125
1 0.25390625 0.51640625 0.071875 0.1671875
1 0.32421875 0.46015625 0.0609375 0.08125
1 0.41796875 0.49375 0.084375 0.1875
1 0.50625 0.42578125 0.0734375 0.0921875
1 0.6296875 0.465625 0.103125 0.2171875
1 0.7703125 0.44609375 0.1078125 0.2421875
1 0.92734375 0.4265625 0.13125 0.265625