0 0.13359375 0.53359375 0.1890625 0.4234375
0 0.27734375 0.5703125 0.16875 0.378125
0 0.4203125 0.57578125 0.175 0.4234375
0 0.55078125 0.62890625 0.16875 0.38125
0 0.8265625 0.671875 0.165625 0.4015625
1 0.159375 0.43203125 0.1515625 0.3
1 0.31484375 0.44296875 0.128125 0.2203125
1 0.45 0.46015625 0.10625 0.18125
1 0.5640625 0.52421875 0.1109375 0.209375
1 0.66328125 0.5546875 0.1046875 0.1953125
1 0.7703125 0.57734375 0.0921875 0.1953125
1 0.8640625 0.6 0.0984375 0.184375
1 0.95234375 0.634375 0.0828125 0.1671875