0 0.1859375 0.64140625 0.159375 0.6296875
0 0.39296875 0.61953125 0.121875 0.50625
0 0.61328125 0.5796875 0.0859375 0.396875
0 0.68828125 0.55234375 0.0765625 0.3546875
0 0.82421875 0.55 0.084375 0.296875
0 0.91171875 0.53828125 0.10625 0.33125
1 0.17265625 0.43359375 0.115625 0.221875
1 0.34140625 0.478125 0.0890625 0.290625
1 0.47578125 0.48125 0.0734375 0.228125
1 0.571875 0.4765625 0.059375 0.21875
1 0.6453125 0.47265625 0.0484375 0.1859375
1 0.71015625 0.47265625 0.040625 0.15625
1 0.76171875 0.478125 0.0359375 0.15
1 0.81328125 0.4765625 0.040625 0.1296875