1 0.096875 0.51953125 0.0953125 0.2046875
1 0.22578125 0.49140625 0.0890625 0.1984375
1 0.34609375 0.471875 0.0859375 0.1890625
1 0.4421875 0.3796875 0.05625 0.0453125
1 0.559375 0.4234375 0.0765625 0.1734375
1 0.66328125 0.396875 0.078125 0.1703125
1 0.75625 0.3828125 0.0734375 0.1640625
1 0.84609375 0.36171875 0.0734375 0.159375
0 0.07265625 0.6109375 0.1453125 0.41875
0 0.1765625 0.60703125 0.1296875 0.3765625
0 0.475 0.5078125 0.125 0.3546875
0 0.6953125 0.45625 0.1203125 0.3390625
0 0.90703125 0.4203125 0.1140625 0.3359375