0 0.1921875 0.65859375 0.265625 0.5984375
0 0.396875 0.58359375 0.1890625 0.4890625
0 0.5 0.5265625 0.1640625 0.475
0 0.58984375 0.50546875 0.1421875 0.3734375
0 0.6765625 0.45859375 0.13125 0.375
0 0.73984375 0.43515625 0.10625 0.3078125
0 0.803125 0.41328125 0.13125 0.31875
0 0.86328125 0.3875 0.109375 0.3125
1 0.12578125 0.4703125 0.1359375 0.1953125
1 0.31484375 0.47265625 0.134375 0.278125
1 0.43671875 0.44296875 0.1 0.225
1 0.5359375 0.42109375 0.0875 0.2109375
1 0.61171875 0.39375 0.0859375 0.1890625
1 0.6734375 0.38046875 0.0734375 0.16875
1 0.73203125 0.36484375 0.06875 0.1546875
1 0.7828125 0.3203125 0.0640625 0.0875