1 0.16796875 0.43359375 0.12890625 0.3578125
1 0.3625 0.43203125 0.09375 0.30859375
1 0.50625 0.390625 0.07734375 0.17421875
1 0.60859375 0.4015625 0.0578125 0.15703125
1 0.7 0.403125 0.05078125 0.14609375
1 0.78046875 0.38984375 0.05 0.115625
0 0.3234375 0.60234375 0.1046875 0.553125
0 0.471875 0.5859375 0.10859375 0.4890625
0 0.55703125 0.56640625 0.0640625 0.45078125
0 0.63671875 0.52578125 0.08046875 0.4109375
0 0.721875 0.5390625 0.08046875 0.4984375
0 0.79140625 0.459375 0.07578125 0.35625
0 0.84296875 0.4953125 0.0640625 0.34140625
0 0.89140625 0.49140625 0.0671875 0.30703125
1 0.8328125 0.3671875 0.0375 0.0640625