0 0.11484375 0.59609375 0.1203125 0.3546875
0 0.2125 0.55 0.0875 0.2453125
0 0.24375 0.55390625 0.1046875 0.3203125
0 0.2953125 0.54296875 0.071875 0.2453125
0 0.31484375 0.56640625 0.0984375 0.2859375
0 0.36875 0.53984375 0.090625 0.259375
0 0.42734375 0.54921875 0.0953125 0.3125
0 0.45546875 0.53828125 0.06875 0.2640625
0 0.48984375 0.5703125 0.13125 0.3640625
0 0.55625 0.52265625 0.1140625 0.2984375
0 0.6421875 0.5390625 0.1296875 0.365625
0 0.66015625 0.515625 0.1015625 0.3109375
0 0.7765625 0.50078125 0.125 0.35
1 0.234375 0.4421875 0.05 0.05625
1 0.30625 0.44296875 0.0515625 0.084375
1 0.3875 0.47109375 0.065625 0.1546875
1 0.4640625 0.42578125 0.0640625 0.0890625
1 0.55859375 0.45234375 0.071875 0.16875
1 0.65625 0.440625 0.0765625 0.1765625
1 0.76328125 0.41171875 0.0796875 0.1515625
1 0.88125 0.4015625 0.084375 0.1625