1 0.1640625 0.45703125 0.153125 0.365625
1 0.3578125 0.44140625 0.115625 0.3140625
1 0.4984375 0.390625 0.0890625 0.1796875
1 0.6015625 0.39453125 0.06875 0.1609375
1 0.69296875 0.3890625 0.0609375 0.15
1 0.771875 0.3703125 0.0578125 0.11875
0 0.33125 0.6140625 0.14375 0.559375
0 0.478125 0.5875 0.1421875 0.4953125
0 0.56171875 0.5625 0.0953125 0.4546875
0 0.63828125 0.51640625 0.109375 0.415625
0 0.72421875 0.5234375 0.115625 0.503125
0 0.7875 0.4390625 0.1 0.3609375
0 0.8421875 0.47109375 0.0875 0.3453125
0 0.88984375 0.4640625 0.0890625 0.3109375
1 0.82265625 0.34453125 0.0421875 0.0671875