0 0.21796875 0.6890625 0.2328125 0.621875
0 0.4171875 0.63828125 0.18125 0.5125
0 0.62578125 0.55703125 0.1328125 0.4015625
0 0.69453125 0.515625 0.11875 0.359375
0 0.828125 0.48671875 0.11875 0.3015625
0 0.9109375 0.459375 0.1453125 0.3375
1 0.165625 0.49765625 0.140625 0.2328125
1 0.33984375 0.50859375 0.1234375 0.296875
1 0.47265625 0.4859375 0.1 0.234375
1 0.56640625 0.46328125 0.084375 0.221875
1 0.6375 0.44609375 0.0703125 0.1890625
1 0.7015625 0.43359375 0.059375 0.1578125
1 0.753125 0.428125 0.053125 0.1515625
1 0.803125 0.4171875 0.05625 0.1328125