0 0.128125 0.5484375 0.06875 0.2765625
0 0.18125 0.5671875 0.1015625 0.35
0 0.33359375 0.56796875 0.08125 0.35625
0 0.5140625 0.57734375 0.1078125 0.4609375
0 0.62265625 0.575 0.103125 0.4125
1 0.18828125 0.43828125 0.0375 0.065625
1 0.2546875 0.48203125 0.05 0.1625
1 0.33203125 0.4359375 0.05 0.0765625
1 0.41953125 0.4828125 0.059375 0.18125
1 0.51640625 0.42734375 0.0625 0.084375
1 0.63359375 0.484375 0.075 0.209375
1 0.77578125 0.484375 0.0765625 0.234375
1 0.93359375 0.48671875 0.096875 0.25625