1 0.14453125 0.53046875 0.1140625 0.35
1 0.31875 0.5140625 0.0703125 0.2921875
1 0.44296875 0.50703125 0.0640625 0.2453125
1 0.534375 0.5109375 0.05 0.20625
1 0.60390625 0.4953125 0.046875 0.171875
1 0.65546875 0.49375 0.0375 0.134375
1 0.7015625 0.50078125 0.040625 0.140625
1 0.740625 0.49765625 0.0296875 0.1203125
0 0.17578125 0.6828125 0.1421875 0.6234375
0 0.38203125 0.65 0.1078125 0.5359375
0 0.590625 0.60234375 0.08125 0.3734375
0 0.65078125 0.575 0.053125 0.359375
0 0.75859375 0.559375 0.075 0.28125
0 0.828125 0.54921875 0.0625 0.2984375