1 0.175 0.44296875 0.1 0.184375
1 0.28671875 0.45390625 0.0875 0.1453125
1 0.3796875 0.49921875 0.0953125 0.1890625
1 0.48984375 0.48046875 0.0765625 0.071875
1 0.596875 0.50546875 0.08125 0.1015625
1 0.70390625 0.57578125 0.0859375 0.1890625
1 0.8140625 0.6171875 0.090625 0.1859375
1 0.9296875 0.65 0.090625 0.1875
0 0.121875 0.4890625 0.146875 0.365625
0 0.2515625 0.55546875 0.1265625 0.3234375
0 0.28046875 0.58359375 0.1375 0.3484375
0 0.33828125 0.571875 0.128125 0.3234375
0 0.46796875 0.603125 0.15625 0.4140625
0 0.42890625 0.59296875 0.128125 0.3390625
0 0.56953125 0.6171875 0.159375 0.4046875