0 0.0734375 0.4390625 0.146875 0.459375
0 0.21015625 0.42265625 0.1609375 0.3546875
0 0.31484375 0.46640625 0.1390625 0.321875
0 0.41875 0.50234375 0.146875 0.30625
0 0.8765625 0.61875 0.146875 0.3109375
1 0.24296875 0.37109375 0.103125 0.1796875
1 0.3453125 0.39140625 0.103125 0.1859375
1 0.44921875 0.4171875 0.0984375 0.1828125
1 0.55234375 0.4453125 0.09375 0.1796875
1 0.6546875 0.46875 0.09375 0.18125
1 0.76640625 0.49609375 0.09375 0.18125
1 0.8765625 0.5203125 0.1046875 0.1859375
1 0.965625 0.54609375 0.06875 0.1921875