1 0.17421875 0.51015625 0.1625 0.25625
1 0.36015625 0.47734375 0.1453125 0.2765625
1 0.48984375 0.44375 0.1171875 0.2421875
1 0.59609375 0.40078125 0.1015625 0.2140625
1 0.6796875 0.37734375 0.090625 0.1921875
1 0.7515625 0.353125 0.0875 0.190625
1 0.809375 0.325 0.0796875 0.1578125
1 0.86015625 0.3140625 0.078125 0.153125
0 0.2421875 0.6734375 0.309375 0.653125
0 0.67265625 0.496875 0.1640625 0.396875
0 0.82109375 0.43203125 0.1296875 0.309375
0 0.88671875 0.396875 0.11875 0.2875
0 0.934375 0.34453125 0.13125 0.3203125