0 0.13359375 0.4875 0.2546875 0.5703125
0 0.3109375 0.540625 0.2078125 0.5
0 0.4421875 0.61640625 0.1625 0.434375
0 0.49609375 0.6515625 0.2296875 0.5265625
0 0.5765625 0.5609375 0.1484375 0.3671875
0 0.715625 0.5875 0.1609375 0.421875
0 0.82578125 0.609375 0.1515625 0.4046875
1 0.9265625 0.559375 0.0703125 0.1625
1 0.8546875 0.5421875 0.08125 0.1765625
1 0.7734375 0.525 0.084375 0.1875
1 0.684375 0.50390625 0.0875 0.19375
1 0.59296875 0.4328125 0.075 0.103125
1 0.4765625 0.41796875 0.0875 0.1421875
1 0.340625 0.39609375 0.1015625 0.1734375
1 0.1703125 0.390625 0.1453125 0.271875