0 0.159375 0.56171875 0.21875 0.5921875
0 0.3765625 0.55 0.15 0.4859375
0 0.49296875 0.525 0.125 0.475
0 0.584375 0.53203125 0.1125 0.371875
0 0.68125 0.51171875 0.1015625 0.3734375
0 0.7484375 0.5078125 0.08125 0.3078125
0 0.81484375 0.50546875 0.1046875 0.3171875
0 0.88046875 0.4984375 0.0828125 0.3125
1 0.15078125 0.36171875 0.121875 0.1875
1 0.33125 0.41953125 0.1125 0.275
1 0.45546875 0.42734375 0.0828125 0.2234375
1 0.55703125 0.43515625 0.0703125 0.209375
1 0.6375 0.43125 0.0703125 0.1875
1 0.70078125 0.4359375 0.059375 0.1671875
1 0.76171875 0.4390625 0.05625 0.153125
1 0.82265625 0.4109375 0.0578125 0.084375