0 0.06875 0.4484375 0.1375 0.4125
0 0.45390625 0.52421875 0.125 0.3328125
0 0.5796875 0.53125 0.109375 0.33125
0 0.68828125 0.5640625 0.10625 0.3046875
0 0.8078125 0.5703125 0.1078125 0.3234375
0 0.94296875 0.5796875 0.1140625 0.365625
1 0.240625 0.38671875 0.0953125 0.2015625
1 0.36171875 0.41171875 0.0921875 0.2015625
1 0.4765625 0.42109375 0.090625 0.1859375
1 0.5890625 0.4109375 0.0734375 0.10625
1 0.69375 0.46875 0.0796875 0.1796875
1 0.803125 0.4859375 0.0796875 0.184375
1 0.89453125 0.50546875 0.0796875 0.184375