0 0.078125 0.54765625 0.1421875 0.484375
0 0.24140625 0.546875 0.140625 0.4671875
0 0.390625 0.58515625 0.11875 0.371875
0 0.515625 0.60234375 0.1015625 0.3578125
0 0.75234375 0.6234375 0.1109375 0.325
0 0.896875 0.63359375 0.0859375 0.30625
1 0.1171875 0.4453125 0.096875 0.2296875
1 0.26484375 0.459375 0.0859375 0.225
1 0.4015625 0.4609375 0.0796875 0.190625
1 0.5203125 0.4890625 0.0765625 0.203125
1 0.634375 0.50546875 0.0703125 0.1953125
1 0.74375 0.5171875 0.0671875 0.1921875
1 0.84375 0.53046875 0.0625 0.1890625
1 0.9328125 0.53828125 0.0703125 0.1859375