1 0.2390625 0.49609375 0.0515625 0.1796875
1 0.3421875 0.50234375 0.05625 0.184375
1 0.4515625 0.51484375 0.053125 0.184375
1 0.5609375 0.50625 0.0609375 0.1515625
1 0.67421875 0.53203125 0.0546875 0.1875
1 0.7875 0.53984375 0.059375 0.1875
1 0.9046875 0.5453125 0.0640625 0.190625
1 0.13203125 0.48984375 0.065625 0.1765625
0 0.08046875 0.578125 0.078125 0.30625
0 0.1546875 0.6046875 0.0796875 0.365625
0 0.30546875 0.59453125 0.075 0.321875
0 0.55 0.61015625 0.09375 0.3359375
0 0.87734375 0.64609375 0.103125 0.403125