0 0.059375 0.58359375 0.1 0.334375
0 0.1796875 0.57265625 0.103125 0.33125
0 0.24296875 0.5515625 0.084375 0.3015625
0 0.29921875 0.56015625 0.09375 0.3171875
0 0.39765625 0.5671875 0.09375 0.3234375
0 0.44609375 0.55 0.071875 0.284375
0 0.50390625 0.565625 0.1234375 0.4
0 0.5296875 0.546875 0.1078125 0.3125
0 0.62890625 0.5921875 0.0984375 0.3328125
0 0.66171875 0.53515625 0.078125 0.328125
0 0.77890625 0.57890625 0.11875 0.4359375
0 0.90078125 0.53828125 0.1125 0.371875
0 0.946875 0.56015625 0.10625 0.4421875
1 0.20078125 0.471875 0.05625 0.1203125
1 0.28046875 0.45390625 0.0546875 0.1046875
1 0.36796875 0.478125 0.0671875 0.159375
1 0.45390625 0.46015625 0.06875 0.1421875
1 0.546875 0.47109375 0.0703125 0.171875
1 0.6484375 0.43984375 0.0609375 0.128125
1 0.77265625 0.45078125 0.0859375 0.178125
1 0.89765625 0.44921875 0.0875 0.2015625