0 0.1796875 0.61875 0.09375 0.4015625
0 0.2765625 0.69375 0.1359375 0.4984375
0 0.33515625 0.621875 0.09375 0.359375
0 0.4359375 0.6078125 0.0875 0.3875
0 0.6234375 0.59140625 0.125 0.46875
0 0.8078125 0.60703125 0.1484375 0.5375
1 0.246875 0.48828125 0.0765625 0.1171875
1 0.359375 0.5265625 0.0734375 0.2015625
1 0.48125 0.51953125 0.0734375 0.225
1 0.6046875 0.46875 0.078125 0.13125
1 0.7484375 0.5109375 0.09375 0.2328125
1 0.903125 0.5078125 0.096875 0.2359375
1 0.1421875 0.53203125 0.0734375 0.1953125