0 0.19609375 0.5078125 0.1953125 0.434375
0 0.41875 0.61484375 0.1265625 0.365625
0 0.48359375 0.64296875 0.1890625 0.4328125
0 0.54921875 0.5875 0.1390625 0.346875
0 0.45625 0.60703125 0.1171875 0.3703125
0 0.68515625 0.6046875 0.1390625 0.378125
0 0.78046875 0.62109375 0.13125 0.35
1 0.22734375 0.4359375 0.10625 0.184375
1 0.353125 0.46953125 0.0921875 0.19375
1 0.47734375 0.4328125 0.0671875 0.0671875
1 0.57578125 0.47734375 0.0671875 0.109375
1 0.6703125 0.5390625 0.090625 0.1828125
1 0.75546875 0.559375 0.0828125 0.175
1 0.84140625 0.5796875 0.078125 0.1703125
1 0.91875 0.6015625 0.0734375 0.159375