0 0.12421875 0.5015625 0.1171875 0.35625
0 0.1546875 0.53125 0.1765625 0.4046875
0 0.2859375 0.5328125 0.1328125 0.3359375
0 0.4 0.546875 0.1171875 0.3296875
0 0.5171875 0.56484375 0.115625 0.3578125
0 0.58984375 0.58203125 0.1640625 0.390625
0 0.6515625 0.5859375 0.103125 0.325
0 0.75078125 0.5859375 0.1484375 0.3625
0 0.83984375 0.6015625 0.1328125 0.3703125
1 0.19296875 0.42265625 0.09375 0.1953125
1 0.3046875 0.44296875 0.0890625 0.190625
1 0.41796875 0.46015625 0.090625 0.1984375
1 0.5296875 0.45625 0.078125 0.140625
1 0.64375 0.44765625 0.0703125 0.103125
1 0.74609375 0.47578125 0.075 0.121875
1 0.9421875 0.54296875 0.08125 0.1828125
1 0.84921875 0.5140625 0.0796875 0.1515625