0 0.1453125 0.659375 0.0875 0.3625
0 0.32265625 0.659375 0.090625 0.353125
0 0.4125 0.6546875 0.0734375 0.334375
0 0.525 0.6375 0.05 0.325
0 0.5515625 0.646875 0.090625 0.4234375
0 0.63671875 0.62578125 0.071875 0.3671875
0 0.72109375 0.63203125 0.0875 0.3203125
0 0.80390625 0.64375 0.0890625 0.2890625
0 0.89765625 0.634375 0.09375 0.2953125
1 0.16171875 0.55 0.0765625 0.20625
1 0.3 0.55546875 0.078125 0.203125
1 0.40859375 0.56015625 0.065625 0.190625
1 0.5140625 0.56171875 0.0640625 0.175
1 0.61015625 0.5640625 0.05625 0.1734375
1 0.6984375 0.56484375 0.05 0.16875
1 0.78515625 0.565625 0.0609375 0.1640625
1 0.85546875 0.57109375 0.0484375 0.140625