0 0.05078125 0.51875 0.1015625 0.365625
0 0.284375 0.51875 0.096875 0.275
0 0.40234375 0.540625 0.09375 0.2875
0 0.58671875 0.55390625 0.0984375 0.309375
0 0.7515625 0.6046875 0.1 0.2875
0 0.80078125 0.59296875 0.096875 0.3015625
0 0.88046875 0.6421875 0.15 0.4
0 0.9328125 0.61796875 0.0984375 0.3359375
1 0.21484375 0.4359375 0.0703125 0.1578125
1 0.30859375 0.45078125 0.06875 0.1625
1 0.39921875 0.46640625 0.06875 0.1609375
1 0.49375 0.48046875 0.065625 0.1609375
1 0.58671875 0.48359375 0.065625 0.1453125
1 0.68125 0.5125 0.0640625 0.15625
1 0.7828125 0.49921875 0.0609375 0.1140625
1 0.8828125 0.5265625 0.0703125 0.14375