0 0.91328125 0.5671875 0.1015625 0.3640625
0 0.78984375 0.59375 0.0890625 0.3375
0 0.6703125 0.58984375 0.103125 0.4328125
0 0.54375 0.59453125 0.115625 0.44375
0 0.415625 0.6296875 0.1078125 0.41875
0 0.28125 0.66015625 0.121875 0.421875
0 0.19296875 0.67734375 0.1109375 0.4578125
0 0.06171875 0.69453125 0.1234375 0.4375
1 0.12109375 0.56171875 0.0875 0.246875
1 0.25859375 0.475 0.08125 0.096875
1 0.39296875 0.459375 0.0734375 0.078125
1 0.51796875 0.44453125 0.0625 0.053125
1 0.63515625 0.4421875 0.05625 0.0671875
1 0.75703125 0.440625 0.0671875 0.0984375
1 0.8734375 0.475 0.075 0.203125
1 0.971875 0.46875 0.05625 0.19375