0 0.121875 0.50390625 0.1078125 0.2875
0 0.1546875 0.49296875 0.0859375 0.25
0 0.23828125 0.5109375 0.0828125 0.2578125
0 0.33203125 0.5359375 0.115625 0.3328125
0 0.39765625 0.53828125 0.0796875 0.303125
0 0.42578125 0.56875 0.0984375 0.321875
0 0.52890625 0.55078125 0.103125 0.3203125
0 0.6109375 0.56796875 0.1109375 0.3203125
0 0.68671875 0.58671875 0.115625 0.35
1 0.84765625 0.54296875 0.0796875 0.190625
1 0.73671875 0.52265625 0.0765625 0.1828125
1 0.628125 0.50546875 0.0703125 0.175
1 0.534375 0.4640625 0.0625 0.11875
1 0.44375 0.4484375 0.0609375 0.10625
1 0.35625 0.4375 0.0625 0.1
1 0.27578125 0.45 0.065625 0.1421875
1 0.1984375 0.4375 0.0625 0.1375