0 0.06875 0.48203125 0.1375 0.3828125
0 0.33203125 0.53359375 0.175 0.3953125
0 0.43984375 0.5765625 0.1484375 0.3390625
0 0.57890625 0.59375 0.1609375 0.3609375
0 0.6671875 0.61796875 0.15 0.34375
0 0.80234375 0.65234375 0.1546875 0.3328125
0 0.88671875 0.65546875 0.1625 0.3578125
1 0.0953125 0.39765625 0.11875 0.2171875
1 0.22578125 0.428125 0.1078125 0.2078125
1 0.34140625 0.45546875 0.109375 0.19375
1 0.4609375 0.459375 0.0828125 0.134375
1 0.5578125 0.5078125 0.0953125 0.184375
1 0.66640625 0.5390625 0.0984375 0.184375
1 0.75546875 0.559375 0.084375 0.178125
1 0.846875 0.58046875 0.084375 0.165625