0 0.05625 0.58046875 0.1125 0.4171875
0 0.26875 0.59453125 0.125 0.4
0 0.36015625 0.59375 0.1125 0.371875
0 0.48046875 0.5890625 0.1078125 0.3765625
0 0.52578125 0.6015625 0.1328125 0.4296875
0 0.621875 0.5796875 0.1609375 0.415625
0 0.72578125 0.6 0.121875 0.365625
0 0.82109375 0.61015625 0.109375 0.3359375
0 0.91953125 0.61328125 0.1171875 0.3328125
1 0.08125 0.45703125 0.1140625 0.2390625
1 0.23671875 0.4765625 0.10625 0.2265625
1 0.37421875 0.49453125 0.0890625 0.215625
1 0.4953125 0.5 0.0921875 0.2015625
1 0.6015625 0.5078125 0.0859375 0.20625
1 0.70703125 0.52109375 0.0703125 0.1859375
1 0.7984375 0.52734375 0.0703125 0.1796875
1 0.8796875 0.53671875 0.06875 0.165625