1 0.17265625 0.540625 0.08125 0.1796875
1 0.2828125 0.51796875 0.071875 0.140625
1 0.384375 0.534375 0.075 0.184375
1 0.484375 0.484375 0.071875 0.065625
1 0.59453125 0.4765625 0.0703125 0.0953125
1 0.71796875 0.51328125 0.0640625 0.1859375
1 0.834375 0.5203125 0.0703125 0.1828125
1 0.9546875 0.5171875 0.0703125 0.184375
0 0.13515625 0.6 0.1046875 0.3640625
0 0.27890625 0.625 0.0890625 0.321875
0 0.3140625 0.64375 0.096875 0.346875
0 0.36640625 0.615625 0.0921875 0.321875
0 0.49921875 0.60859375 0.1078125 0.4125
0 0.459375 0.609375 0.0890625 0.3375
0 0.60078125 0.59140625 0.1125 0.4015625