1 0.1 0.44921875 0.0625 0.196875
1 0.23125 0.44375 0.05703125 0.1921875
1 0.353125 0.4453125 0.0546875 0.18203125
1 0.4640625 0.371875 0.05078125 0.0375
1 0.571875 0.43515625 0.04765625 0.16796875
1 0.67890625 0.4265625 0.05 0.1640625
1 0.77265625 0.42890625 0.04609375 0.15859375
1 0.86484375 0.42421875 0.046875 0.15390625
0 0.05625 0.53515625 0.0828125 0.4109375
0 0.1625 0.54921875 0.065625 0.37109375
0 0.47421875 0.503125 0.065625 0.34921875
0 0.7 0.490625 0.06328125 0.33359375
0 0.91484375 0.4921875 0.0578125 0.33046875