0 0.06484375 0.52421875 0.1296875 0.4203125
0 0.259375 0.565625 0.1703125 0.4015625
0 0.35 0.57578125 0.1546875 0.371875
0 0.46953125 0.5859375 0.1515625 0.375
0 0.51328125 0.60390625 0.18125 0.43125
0 0.6109375 0.59375 0.2078125 0.4203125
0 0.71171875 0.6265625 0.1625 0.3671875
0 0.80546875 0.6484375 0.1484375 0.3375
0 0.903125 0.66328125 0.1546875 0.334375
1 0.0890625 0.40625 0.140625 0.2453125
1 0.24140625 0.44453125 0.13125 0.23125
1 0.37578125 0.4796875 0.1125 0.21875
1 0.4953125 0.5 0.1140625 0.2046875
1 0.6 0.5203125 0.1078125 0.209375
1 0.70234375 0.54609375 0.090625 0.1890625
1 0.79296875 0.56328125 0.090625 0.18125
1 0.87265625 0.58203125 0.0859375 0.16875