0 0.0671875 0.4890625 0.121875 0.378125
0 0.21328125 0.515625 0.1125 0.3578125
0 0.353125 0.50078125 0.1359375 0.396875
0 0.48515625 0.53828125 0.1328125 0.365625
0 0.728125 0.5390625 0.134375 0.40625
0 0.91328125 0.57421875 0.1453125 0.3671875
1 0.09609375 0.38125 0.109375 0.228125
1 0.23828125 0.3984375 0.0953125 0.2203125
1 0.371875 0.3640625 0.078125 0.1078125
1 0.4921875 0.403125 0.0828125 0.1390625
1 0.60078125 0.4484375 0.0796875 0.2015625
1 0.71328125 0.46328125 0.0875 0.1984375
1 0.81328125 0.47734375 0.0765625 0.1875
1 0.92109375 0.4890625 0.0890625 0.1859375