1 0.1703125 0.51171875 0.065625 0.175
1 0.28203125 0.49921875 0.06015625 0.1359375
1 0.38203125 0.52421875 0.059375 0.18046875
1 0.4859375 0.4828125 0.06640625 0.059375
1 0.59609375 0.48515625 0.06328125 0.08984375
1 0.715625 0.53203125 0.0484375 0.1828125
1 0.83125 0.54921875 0.0546875 0.17890625
1 0.9515625 0.55703125 0.0546875 0.18046875
0 0.128125 0.56796875 0.07421875 0.35859375
0 0.26875 0.60546875 0.06171875 0.3171875
0 0.30234375 0.62734375 0.06796875 0.3421875
0 0.35703125 0.60390625 0.0640625 0.3171875
0 0.48984375 0.6078125 0.07265625 0.4078125
0 0.45 0.60546875 0.06015625 0.33359375
0 0.5921875 0.6 0.078125 0.396875