1 0.1296875 0.55859375 0.15 0.325
1 0.31328125 0.50078125 0.103125 0.2140625
1 0.45390625 0.503125 0.0921875 0.25
1 0.5578125 0.48359375 0.0828125 0.215625
1 0.6453125 0.46953125 0.0765625 0.1984375
1 0.7203125 0.45 0.065625 0.1765625
1 0.7796875 0.3859375 0.034375 0.04375
1 0.8359375 0.43359375 0.04375 0.146875
0 0.35 0.67109375 0.2234375 0.5609375
0 0.5109375 0.6671875 0.1609375 0.5203125
0 0.53515625 0.596875 0.115625 0.428125
0 0.63359375 0.6125 0.1515625 0.4453125
0 0.74609375 0.534375 0.1328125 0.3671875
0 0.803125 0.50703125 0.1078125 0.3921875