0 0.06953125 0.58203125 0.1390625 0.4109375
0 0.46328125 0.53671875 0.1203125 0.3328125
0 0.58515625 0.50703125 0.1046875 0.33125
0 0.69921875 0.50625 0.1015625 0.3046875
0 0.81484375 0.47734375 0.103125 0.3234375
0 0.94609375 0.44375 0.1078125 0.365625
1 0.21875 0.46796875 0.0921875 0.2
1 0.34140625 0.45625 0.0890625 0.2015625
1 0.4546875 0.43125 0.0875 0.184375
1 0.559375 0.3890625 0.071875 0.1046875
1 0.6765625 0.41328125 0.0765625 0.1796875
1 0.78515625 0.3984375 0.078125 0.184375
1 0.87890625 0.38984375 0.0765625 0.184375