1 0.0859375 0.4453125 0.1046875 0.25
1 0.2359375 0.4640625 0.0953125 0.2203125
1 0.3671875 0.48984375 0.0875 0.21875
1 0.49296875 0.50859375 0.0875 0.203125
1 0.60390625 0.51875 0.0765625 0.2
1 0.70625 0.54140625 0.0640625 0.184375
1 0.8 0.55234375 0.071875 0.178125
1 0.890625 0.5578125 0.0625 0.1578125
0 0.06015625 0.553125 0.1203125 0.446875
0 0.20859375 0.58359375 0.159375 0.4296875
0 0.496875 0.61015625 0.11875 0.3765625
0 0.84140625 0.63203125 0.1359375 0.34375
0 0.93671875 0.6453125 0.1265625 0.384375