1 0.1453125 0.53671875 0.10859375 0.34765625
1 0.31875 0.5171875 0.06484375 0.290625
1 0.44296875 0.5078125 0.06015625 0.24453125
1 0.534375 0.51015625 0.046875 0.2046875
1 0.60390625 0.49375 0.04453125 0.171875
1 0.65546875 0.49140625 0.03515625 0.134375
1 0.7015625 0.496875 0.0375 0.13984375
1 0.740625 0.49375 0.028125 0.1203125
0 0.17890625 0.68828125 0.13203125 0.621875
0 0.384375 0.65234375 0.09921875 0.53359375
0 0.5921875 0.60078125 0.07421875 0.371875
0 0.65234375 0.57265625 0.04609375 0.35859375
0 0.759375 0.5546875 0.0703125 0.2796875
0 0.82890625 0.54375 0.0578125 0.296875