1 0.4625 0.48671875 0.1109375 0.2140625
1 0.5625 0.45703125 0.0953125 0.2046875
1 0.64296875 0.41015625 0.071875 0.1328125
1 0.71875 0.40234375 0.071875 0.1453125
1 0.78828125 0.4 0.0796875 0.1609375
1 0.8484375 0.38203125 0.0640625 0.1390625
1 0.3453125 0.515625 0.1234375 0.2359375
1 0.19140625 0.525 0.1234375 0.19375
0 0.20703125 0.68125 0.2171875 0.475
0 0.28046875 0.7078125 0.240625 0.5421875
0 0.3890625 0.61484375 0.190625 0.409375
0 0.51484375 0.57734375 0.1515625 0.3734375
0 0.63125 0.5421875 0.18125 0.38125
0 0.72109375 0.5171875 0.175 0.3828125
0 0.80703125 0.4625 0.15625 0.3390625
0 0.84296875 0.44375 0.1265625 0.31875