1 0.13125 0.49765625 0.0640625 0.171875
1 0.22734375 0.49921875 0.0625 0.178125
1 0.3265625 0.50078125 0.0671875 0.1875
1 0.43203125 0.46640625 0.0625 0.11875
1 0.54453125 0.44609375 0.0625 0.0875
1 0.665625 0.4953125 0.071875 0.203125
1 0.8 0.4953125 0.06875 0.2078125
1 0.93671875 0.49609375 0.0765625 0.2140625
0 0.08671875 0.58671875 0.0984375 0.3171875
0 0.178125 0.59609375 0.0796875 0.34375
0 0.29765625 0.590625 0.0765625 0.33125
0 0.42734375 0.59765625 0.071875 0.4
0 0.50546875 0.60859375 0.1 0.4234375
0 0.56015625 0.590625 0.0640625 0.3390625