1 0.4625 0.48515625 0.1015625 0.2125
1 0.56484375 0.46015625 0.0859375 0.2046875
1 0.646875 0.41796875 0.065625 0.1328125
1 0.7234375 0.41328125 0.065625 0.14375
1 0.79296875 0.41484375 0.071875 0.159375
1 0.85390625 0.4 0.0578125 0.1375
1 0.34453125 0.50703125 0.1125 0.234375
1 0.190625 0.509375 0.115625 0.1921875
0 0.19765625 0.665625 0.19375 0.475
0 0.26953125 0.69609375 0.215625 0.5421875
0 0.38359375 0.60859375 0.171875 0.4078125
0 0.51015625 0.578125 0.1328125 0.375
0 0.62890625 0.54921875 0.1625 0.3796875
0 0.71953125 0.52890625 0.15625 0.3828125
0 0.80859375 0.47890625 0.140625 0.3390625
0 0.8453125 0.46171875 0.1109375 0.31875