0 0.12890625 0.56015625 0.0625 0.3515625
0 0.1640625 0.58515625 0.11640625 0.39140625
0 0.29375 0.565625 0.0828125 0.32734375
0 0.40859375 0.56171875 0.06796875 0.3234375
0 0.52734375 0.5609375 0.06171875 0.353125
0 0.6015625 0.5671875 0.10546875 0.37890625
0 0.66328125 0.5609375 0.053125 0.3203125
0 0.7609375 0.5453125 0.09453125 0.3515625
0 0.8515625 0.546875 0.07734375 0.3625
1 0.184375 0.471875 0.065625 0.1875
1 0.2984375 0.47421875 0.06171875 0.1828125
1 0.4125 0.4734375 0.0609375 0.190625
1 0.52265625 0.45234375 0.05859375 0.13359375
1 0.63359375 0.42578125 0.05546875 0.0953125
1 0.7390625 0.4375 0.05859375 0.1140625
1 0.94375 0.4734375 0.05390625 0.17734375
1 0.846875 0.459375 0.0578125 0.14453125