0 0.17421875 0.6015625 0.0734375 0.3984375
0 0.26640625 0.68203125 0.1109375 0.49375
0 0.32890625 0.61328125 0.075 0.35625
0 0.43046875 0.6046875 0.0671875 0.384375
0 0.61875 0.59765625 0.1 0.465625
0 0.8015625 0.62265625 0.121875 0.53125
1 0.24765625 0.475 0.0703125 0.1125
1 0.3578125 0.51953125 0.0625 0.2
1 0.48046875 0.51875 0.0625 0.221875
1 0.60625 0.47421875 0.071875 0.128125
1 0.74765625 0.52421875 0.08125 0.228125
1 0.90234375 0.52890625 0.084375 0.23125
1 0.140625 0.51328125 0.0640625 0.1921875