0 0.096875 0.51953125 0.1015625 0.3359375
0 0.13125 0.54453125 0.1609375 0.365625
0 0.24765625 0.5375 0.1109375 0.3046875
0 0.54140625 0.60390625 0.1125 0.3609375
0 0.4328125 0.56953125 0.1078125 0.3765625
0 0.39765625 0.56015625 0.0875 0.3015625
0 0.46484375 0.5640625 0.0921875 0.3234375
0 0.56875 0.55 0.1109375 0.325
0 0.66953125 0.5765625 0.1046875 0.3171875
0 0.73984375 0.59921875 0.1015625 0.30625
0 0.78203125 0.5875 0.0890625 0.2875
0 0.86953125 0.58515625 0.1046875 0.303125
1 0.15546875 0.44609375 0.0796875 0.1859375
1 0.2671875 0.46015625 0.0765625 0.178125
1 0.375 0.4734375 0.065625 0.171875
1 0.5734375 0.45234375 0.059375 0.0828125
1 0.66484375 0.50703125 0.0640625 0.165625
1 0.7578125 0.5015625 0.0640625 0.1328125
1 0.84375 0.52734375 0.0640625 0.15625