0 0.10546875 0.54140625 0.071875 0.3484375
0 0.20859375 0.509375 0.05390625 0.23984375
0 0.2390625 0.51796875 0.06171875 0.31484375
0 0.29140625 0.5140625 0.03828125 0.2421875
0 0.3078125 0.53984375 0.059375 0.2796875
0 0.36484375 0.52109375 0.05546875 0.25390625
0 0.42109375 0.53828125 0.05234375 0.30859375
0 0.45078125 0.53203125 0.03203125 0.26171875
0 0.48046875 0.56796875 0.0828125 0.35546875
0 0.55234375 0.53046875 0.075 0.29140625
0 0.63515625 0.55859375 0.08046875 0.3578125
0 0.65625 0.5375 0.059375 0.30625
0 0.7734375 0.5390625 0.078125 0.3421875
1 0.2453125 0.40546875 0.04375 0.05078125
1 0.31640625 0.41640625 0.040625 0.07890625
1 0.39296875 0.45546875 0.04453125 0.15
1 0.475 0.421875 0.05390625 0.08203125
1 0.56484375 0.4609375 0.04921875 0.1640625
1 0.66328125 0.46328125 0.053125 0.17109375
1 0.77265625 0.44921875 0.059375 0.1453125
1 0.89140625 0.45546875 0.06328125 0.15546875