0 0.05703125 0.621875 0.1140625 0.365625
0 0.29375 0.56640625 0.0921875 0.2734375
0 0.4140625 0.56171875 0.0890625 0.2875
0 0.596875 0.5328125 0.09375 0.309375
0 0.76875 0.5453125 0.0953125 0.2859375
0 0.8140625 0.52265625 0.0921875 0.3015625
0 0.903125 0.55234375 0.14375 0.3984375
0 0.94765625 0.5171875 0.09375 0.3359375
1 0.2078125 0.5015625 0.06875 0.15625
1 0.30234375 0.49453125 0.065625 0.1625
1 0.39453125 0.48984375 0.0671875 0.159375
1 0.48984375 0.48203125 0.0640625 0.1609375
1 0.58125 0.46484375 0.0640625 0.14375
1 0.67890625 0.471875 0.0609375 0.15625
1 0.775 0.4359375 0.059375 0.1125
1 0.87890625 0.43984375 0.06875 0.1421875