0 0.0859375 0.484375 0.171875 0.4140625
0 0.4671875 0.57421875 0.125 0.334375
0 0.5921875 0.59609375 0.140625 0.3453125
0 0.696875 0.62421875 0.1296875 0.321875
0 0.8140625 0.63984375 0.1328125 0.3265625
0 0.94765625 0.65546875 0.1046875 0.3640625
1 0.1484375 0.40703125 0.10625 0.209375
1 0.265625 0.43828125 0.0953125 0.2
1 0.37890625 0.46328125 0.0828125 0.1890625
1 0.50078125 0.43671875 0.075 0.1078125
1 0.6125 0.4703125 0.0734375 0.1046875
1 0.7125 0.528125 0.0859375 0.171875
1 0.8171875 0.5515625 0.0875 0.190625
1 0.915625 0.57421875 0.084375 0.190625