0 0.0609375 0.590625 0.10625 0.3359375
0 0.18046875 0.578125 0.109375 0.3328125
0 0.24453125 0.55625 0.090625 0.3015625
0 0.3 0.56328125 0.1 0.31875
0 0.3984375 0.56875 0.0984375 0.325
0 0.446875 0.55078125 0.0765625 0.2859375
0 0.50546875 0.565625 0.1296875 0.4015625
0 0.53046875 0.54609375 0.1140625 0.3140625
0 0.63046875 0.58984375 0.1046875 0.334375
0 0.66171875 0.5328125 0.084375 0.328125
0 0.78046875 0.57421875 0.1265625 0.4359375
0 0.9015625 0.53125 0.11875 0.371875
0 0.9453125 0.5515625 0.109375 0.44375
1 0.20078125 0.47734375 0.0578125 0.121875
1 0.2796875 0.4578125 0.05625 0.10625
1 0.3671875 0.48046875 0.0703125 0.159375
1 0.453125 0.4609375 0.0703125 0.1421875
1 0.54609375 0.4703125 0.071875 0.171875
1 0.64765625 0.4375 0.0640625 0.128125
1 0.771875 0.44609375 0.0875 0.1796875
1 0.896875 0.4421875 0.090625 0.203125