1 0.09609375 0.5828125 0.090625 0.2109375
1 0.23828125 0.5671875 0.0875 0.2078125
1 0.3578125 0.50390625 0.0671875 0.1171875
1 0.590625 0.5125 0.0734375 0.1890625
1 0.6953125 0.4984375 0.053125 0.18125
1 0.803125 0.4828125 0.0640625 0.1796875
1 0.90625 0.4671875 0.0703125 0.178125
0 0.09375 0.67265625 0.1703125 0.4203125
0 0.22578125 0.69609375 0.115625 0.365625
0 0.38203125 0.659375 0.109375 0.3484375
0 0.50390625 0.61796875 0.1171875 0.378125
0 0.63203125 0.596875 0.11875 0.3734375
0 0.7390625 0.5703125 0.10625 0.3703125
0 0.85703125 0.559375 0.1046875 0.340625
0 0.95625 0.52734375 0.0875 0.3296875
1 0.4703125 0.45703125 0.059375 0.05625