0 0.0796875 0.5625 0.1265625 0.48125
0 0.24375 0.55625 0.125 0.4640625
0 0.39375 0.5890625 0.10625 0.3703125
0 0.51875 0.6015625 0.0890625 0.35625
0 0.75703125 0.6140625 0.1 0.3234375
0 0.9015625 0.61953125 0.075 0.3046875
1 0.115625 0.45859375 0.0890625 0.228125
1 0.2640625 0.4671875 0.078125 0.2234375
1 0.4 0.4640625 0.0734375 0.1875
1 0.5203125 0.48828125 0.0703125 0.2015625
1 0.634375 0.50078125 0.0625 0.19375
1 0.74453125 0.50859375 0.0609375 0.190625
1 0.84453125 0.51796875 0.05625 0.1875
1 0.93359375 0.5234375 0.0640625 0.184375