1 0.165625 0.4453125 0.140625 0.3625
1 0.36015625 0.43671875 0.1046875 0.3109375
1 0.50234375 0.390625 0.0828125 0.1765625
1 0.60546875 0.39765625 0.0625 0.159375
1 0.696875 0.39609375 0.05625 0.1484375
1 0.7765625 0.38046875 0.0546875 0.1171875
0 0.32734375 0.60859375 0.1234375 0.55625
0 0.475 0.58671875 0.125 0.4921875
0 0.559375 0.5640625 0.0796875 0.453125
0 0.6375 0.52109375 0.0953125 0.4140625
0 0.7234375 0.53125 0.0984375 0.5015625
0 0.78984375 0.44921875 0.0875 0.359375
0 0.84296875 0.48359375 0.0765625 0.34375
0 0.890625 0.478125 0.078125 0.309375
1 0.828125 0.35546875 0.0390625 0.065625