1 0.0875 0.4828125 0.084375 0.209375
1 0.2296875 0.50234375 0.08125 0.20625
1 0.3609375 0.46953125 0.0640625 0.1171875
1 0.58515625 0.534375 0.0671875 0.1890625
1 0.68984375 0.54609375 0.046875 0.18125
1 0.7984375 0.55625 0.0578125 0.1796875
1 0.90234375 0.56640625 0.0640625 0.1765625
0 0.07109375 0.56796875 0.1421875 0.4171875
0 0.1859375 0.62421875 0.103125 0.3640625
0 0.346875 0.62578125 0.0984375 0.3484375
0 0.475 0.615625 0.1046875 0.3765625
0 0.6046875 0.62578125 0.10625 0.371875
0 0.71484375 0.6265625 0.09375 0.3703125
0 0.83203125 0.64375 0.09375 0.3390625
0 0.946875 0.640625 0.1 0.3296875
1 0.48125 0.45078125 0.0578125 0.0546875