1 0.1328125 0.465625 0.0734375 0.175
1 0.228125 0.47578125 0.071875 0.1796875
1 0.32734375 0.4859375 0.0765625 0.190625
1 0.43515625 0.46015625 0.06875 0.121875
1 0.54921875 0.45 0.0671875 0.090625
1 0.665625 0.51015625 0.08125 0.20625
1 0.79921875 0.521875 0.0796875 0.2109375
1 0.93515625 0.534375 0.0875 0.2171875
0 0.08046875 0.55078125 0.1140625 0.321875
0 0.17109375 0.56796875 0.096875 0.346875
0 0.290625 0.57265625 0.09375 0.334375
0 0.41953125 0.590625 0.09375 0.4015625
0 0.49609375 0.60859375 0.121875 0.4265625
0 0.55234375 0.5953125 0.08125 0.340625