0 0.06875 0.465625 0.1375 0.378125
0 0.2125 0.50078125 0.1296875 0.3578125
0 0.35390625 0.49296875 0.15625 0.3984375
0 0.4828125 0.5375 0.1515625 0.3671875
0 0.72578125 0.55078125 0.1546875 0.4078125
0 0.909375 0.59609375 0.1640625 0.3703125
1 0.10234375 0.36015625 0.1203125 0.23125
1 0.24453125 0.38515625 0.10625 0.2234375
1 0.37890625 0.35703125 0.0828125 0.109375
1 0.49765625 0.403125 0.0890625 0.140625
1 0.603125 0.45390625 0.090625 0.2015625
1 0.71484375 0.47421875 0.096875 0.2
1 0.8140625 0.49375 0.0859375 0.1890625
1 0.92109375 0.5109375 0.0984375 0.1875