0 0.2140625 0.6015625 0.153125 0.4296875
0 0.45859375 0.634375 0.090625 0.365625
0 0.528125 0.640625 0.1484375 0.4296875
0 0.57421875 0.56796875 0.1046875 0.3453125
0 0.49140625 0.615625 0.0796875 0.371875
0 0.70859375 0.5421875 0.1015625 0.3765625
0 0.80390625 0.52890625 0.096875 0.3484375
1 0.22109375 0.52265625 0.0890625 0.1796875
1 0.35078125 0.51640625 0.0734375 0.190625
1 0.4578125 0.44296875 0.0625 0.0625
1 0.56484375 0.4546875 0.0578125 0.10625
1 0.67421875 0.48515625 0.075 0.1796875
1 0.76171875 0.47734375 0.065625 0.1734375
1 0.84921875 0.4703125 0.0609375 0.1671875
1 0.9296875 0.4671875 0.0578125 0.1578125