0 0.1578125 0.63203125 0.2453125 0.5703125
0 0.34140625 0.6109375 0.2 0.5
0 0.4921875 0.6296875 0.15625 0.434375
0 0.55546875 0.64140625 0.2203125 0.525
0 0.59453125 0.5265625 0.1421875 0.3671875
0 0.7328125 0.49609375 0.1546875 0.421875
0 0.84296875 0.4734375 0.1453125 0.4046875
1 0.915625 0.38828125 0.06875 0.1609375
1 0.84296875 0.4 0.078125 0.1765625
1 0.76171875 0.41640625 0.08125 0.1875
1 0.67109375 0.43203125 0.084375 0.19375
1 0.55859375 0.4015625 0.0734375 0.103125
1 0.446875 0.43359375 0.0859375 0.140625
1 0.3125 0.46640625 0.1 0.1734375
1 0.15390625 0.528125 0.140625 0.271875