0 0.08984375 0.5359375 0.1203125 0.36875
0 0.225 0.55625 0.1265625 0.353125
0 0.36328125 0.546875 0.1328125 0.3984375
0 0.7296875 0.59140625 0.134375 0.3671875
0 0.81640625 0.603125 0.109375 0.3515625
1 0.93125 0.53828125 0.0734375 0.18125
1 0.83046875 0.52890625 0.0765625 0.1921875
1 0.72890625 0.5140625 0.0828125 0.184375
1 0.6140625 0.49609375 0.08125 0.1984375
1 0.50234375 0.48125 0.0734375 0.2015625
1 0.38515625 0.45703125 0.08125 0.1875
1 0.2546875 0.45 0.0890625 0.196875
1 0.12265625 0.43046875 0.103125 0.2234375