0 0.08125 0.61875 0.1203125 0.4
0 0.23359375 0.6046875 0.1359375 0.3921875
0 0.378125 0.58359375 0.103125 0.36875
0 0.51171875 0.5625 0.1015625 0.35625
0 0.7203125 0.5234375 0.1046875 0.3640625
0 0.8234375 0.52109375 0.1046875 0.3046875
0 0.93671875 0.49609375 0.0953125 0.3359375
1 0.08515625 0.49765625 0.1 0.2328125
1 0.23828125 0.49296875 0.0890625 0.225
1 0.365625 0.471875 0.08125 0.1890625
1 0.48828125 0.46796875 0.0796875 0.2015625
1 0.59375 0.45859375 0.0734375 0.19375
1 0.69921875 0.44921875 0.065625 0.1765625
1 0.7921875 0.43828125 0.0609375 0.178125
1 0.87421875 0.4328125 0.0578125 0.1734375