0 0.178125 0.71875 0.125 0.3671875
0 0.353125 0.68828125 0.1265625 0.3578125
0 0.440625 0.66796875 0.1078125 0.3375
0 0.5484375 0.63125 0.084375 0.3265625
0 0.5765625 0.6359375 0.134375 0.428125
0 0.65703125 0.6 0.109375 0.3703125
0 0.740625 0.59140625 0.11875 0.325
0 0.82421875 0.58828125 0.1171875 0.29375
0 0.91484375 0.56328125 0.1234375 0.3015625
1 0.175 0.6078125 0.096875 0.2125
1 0.31328125 0.5890625 0.0984375 0.209375
1 0.4203125 0.575 0.084375 0.1953125
1 0.525 0.5578125 0.0828125 0.1796875
1 0.61953125 0.54375 0.0734375 0.1765625
1 0.70703125 0.5296875 0.0671875 0.171875
1 0.7921875 0.51484375 0.078125 0.16875
1 0.8625 0.50859375 0.0625 0.14375