0 0.13125 0.5734375 0.075 0.353125
0 0.1671875 0.596875 0.1296875 0.3953125
0 0.29609375 0.57265625 0.09375 0.3296875
0 0.4109375 0.56484375 0.0796875 0.325
0 0.5296875 0.56015625 0.0734375 0.3546875
0 0.60390625 0.56328125 0.11875 0.3828125
0 0.665625 0.55546875 0.0640625 0.321875
0 0.7625 0.5359375 0.10625 0.3546875
0 0.853125 0.534375 0.090625 0.365625
1 0.18359375 0.4828125 0.071875 0.1890625
1 0.29765625 0.48125 0.06875 0.184375
1 0.41171875 0.4765625 0.0671875 0.1921875
1 0.52109375 0.4515625 0.0625 0.1359375
1 0.63125 0.42109375 0.059375 0.096875
1 0.73671875 0.42890625 0.0625 0.115625
1 0.9421875 0.4578125 0.059375 0.1796875
1 0.8453125 0.44765625 0.0625 0.146875