0 0.1828125 0.61640625 0.1140625 0.403125
0 0.2703125 0.5828125 0.09375 0.36875
0 0.32109375 0.59453125 0.109375 0.384375
0 0.40546875 0.5609375 0.1125 0.38125
0 0.5578125 0.55625 0.1296875 0.4640625
0 0.1125 0.57421875 0.1109375 0.4109375
1 0.04765625 0.48515625 0.0796875 0.20625
1 0.1734375 0.4765625 0.078125 0.209375
1 0.29765625 0.43203125 0.0671875 0.1046875
1 0.415625 0.475 0.071875 0.20625
1 0.53984375 0.45234375 0.0796875 0.1625
1 0.65703125 0.471875 0.071875 0.196875
1 0.77421875 0.4671875 0.0671875 0.1953125
1 0.88984375 0.4640625 0.0671875 0.1859375