0 0.19140625 0.6203125 0.1796875 0.6453125
0 0.3984375 0.54296875 0.1484375 0.5609375
0 0.65234375 0.4984375 0.0953125 0.3953125
0 0.73828125 0.47421875 0.084375 0.35
0 0.86953125 0.43984375 0.071875 0.2921875
1 0.13828125 0.3484375 0.1171875 0.1515625
1 0.34140625 0.42109375 0.0984375 0.2859375
1 0.47890625 0.409375 0.078125 0.24375
1 0.58203125 0.39765625 0.0703125 0.2140625
1 0.67421875 0.38125 0.053125 0.19375
1 0.7421875 0.3046875 0.04375 0.0359375
1 0.80234375 0.36484375 0.053125 0.165625
1 0.85625 0.34453125 0.04375 0.1359375