0 0.171875 0.54765625 0.2125 0.6484375
0 0.39140625 0.51875 0.1765625 0.5640625
0 0.6484375 0.5328125 0.115625 0.396875
0 0.73828125 0.52890625 0.1015625 0.35
0 0.8734375 0.525 0.0875 0.29375
1 0.18203125 0.2703125 0.1234375 0.15625
1 0.36328125 0.3875 0.1140625 0.2875
1 0.5 0.40703125 0.090625 0.2453125
1 0.603125 0.41875 0.08125 0.215625
1 0.69609375 0.4234375 0.0625 0.1953125
1 0.78046875 0.3640625 0.0453125 0.0375
1 0.825 0.4359375 0.0609375 0.1671875
1 0.88203125 0.42890625 0.0515625 0.1375