1 0.234375 0.53046875 0.034375 0.059375
1 0.2984375 0.52734375 0.034375 0.05
1 0.37265625 0.57890625 0.0390625 0.15
1 0.45546875 0.53046875 0.0375 0.040625
1 0.55234375 0.53515625 0.028125 0.05
1 0.64375 0.54453125 0.0484375 0.0546875
1 0.76640625 0.5625 0.0328125 0.0875
1 0.87734375 0.5515625 0.0546875 0.040625
0 0.09765625 0.62890625 0.05625 0.2953125
0 0.19453125 0.53359375 0.0453125 0.1171875
0 0.21328125 0.7265625 0.0828125 0.4296875
0 0.26328125 0.62890625 0.0390625 0.2546875
0 0.30703125 0.66015625 0.0796875 0.3359375
0 0.3453125 0.63046875 0.04375 0.265625
0 0.4234375 0.64140625 0.0625 0.2859375
0 0.48203125 0.6828125 0.065625 0.36875
0 0.534375 0.65703125 0.059375 0.325
0 0.63359375 0.6765625 0.071875 0.321875
0 0.73515625 0.69765625 0.0734375 0.346875
0 0.875 0.696875 0.0734375 0.4