1 0.23515625 0.53515625 0.03359375 0.05859375
1 0.29921875 0.53046875 0.0328125 0.04921875
1 0.37421875 0.58125 0.03671875 0.15
1 0.45625 0.53125 0.03671875 0.040625
1 0.553125 0.534375 0.02734375 0.05
1 0.64453125 0.5421875 0.046875 0.053125
1 0.7671875 0.5578125 0.03125 0.08671875
1 0.878125 0.5453125 0.0546875 0.0390625
0 0.1 0.6359375 0.0515625 0.29453125
0 0.1953125 0.5390625 0.04296875 0.11640625
0 0.2171875 0.73125 0.075 0.42890625
0 0.265625 0.6328125 0.034375 0.2546875
0 0.31015625 0.66328125 0.07421875 0.33515625
0 0.34765625 0.6328125 0.0390625 0.265625
0 0.42578125 0.64296875 0.05703125 0.284375
0 0.48515625 0.6828125 0.059375 0.36796875
0 0.53671875 0.65625 0.05390625 0.32421875
0 0.63671875 0.67421875 0.06640625 0.3203125
0 0.73828125 0.69375 0.06796875 0.3453125
0 0.878125 0.690625 0.06640625 0.39921875