0 0.096875 0.64765625 0.178125 0.4390625
0 0.26015625 0.5921875 0.1765625 0.421875
0 0.52109375 0.53828125 0.1515625 0.3484375
0 0.80703125 0.4515625 0.1234375 0.3171875
0 0.91171875 0.421875 0.140625 0.3140625
1 0.84453125 0.3703125 0.075 0.16875
1 0.753125 0.38984375 0.059375 0.159375
1 0.678125 0.40625 0.084375 0.18125
1 0.5828125 0.42578125 0.090625 0.1828125
1 0.47265625 0.390625 0.071875 0.0859375
1 0.371875 0.47109375 0.1015625 0.20625
1 0.225 0.425 0.0875 0.08125
1 0.0796875 0.48046875 0.1078125 0.1390625