0 0.22421875 0.44296875 0.0984375 0.2421875
0 0.31484375 0.4609375 0.1109375 0.2625
0 0.47578125 0.51328125 0.0984375 0.240625
0 0.575 0.51875 0.1078125 0.259375
0 0.7296875 0.56171875 0.1 0.2453125
0 0.82421875 0.58359375 0.0984375 0.2515625
1 0.26328125 0.38984375 0.06875 0.14375
1 0.35 0.41484375 0.05625 0.1390625
1 0.4203125 0.4328125 0.065625 0.1359375
1 0.50859375 0.41640625 0.0484375 0.0640625
1 0.5875 0.41953125 0.046875 0.0484375
1 0.65859375 0.48671875 0.0625 0.128125
1 0.809375 0.52421875 0.05625 0.13125