1 0.1390625 0.328125 0.109375 0.2171875
1 0.28359375 0.2953125 0.078125 0.090625
1 0.396875 0.38046875 0.096875 0.1921875
1 0.50859375 0.40234375 0.090625 0.19375
1 0.61328125 0.41953125 0.084375 0.1796875
1 0.71484375 0.43984375 0.0734375 0.165625
1 0.8078125 0.4546875 0.0796875 0.1671875
0 0.09765625 0.428125 0.1453125 0.3859375
0 0.21640625 0.434375 0.175 0.4515625
0 0.26484375 0.4515625 0.1109375 0.3296875
0 0.68046875 0.5125 0.121875 0.328125
0 0.9140625 0.5484375 0.103125 0.303125
0 0.86796875 0.5484375 0.165625 0.4328125