1 0.0609375 0.46328125 0.0859375 0.2234375
1 0.22421875 0.478125 0.0546875 0.2109375
1 0.3484375 0.4921875 0.0703125 0.2015625
1 0.47265625 0.50234375 0.0671875 0.190625
1 0.59609375 0.4546875 0.0640625 0.0828125
1 0.70234375 0.52265625 0.065625 0.1828125
1 0.8078125 0.5296875 0.071875 0.1875
1 0.9015625 0.53828125 0.0578125 0.1796875
0 0.16953125 0.56640625 0.1234375 0.4375
0 0.61171875 0.6015625 0.0953125 0.3984375
0 0.83828125 0.61484375 0.0828125 0.35625
0 0.940625 0.61484375 0.0859375 0.353125