1 0.76953125 0.49765625 0.0578125 0.140625
1 0.6984375 0.50703125 0.0578125 0.1453125
1 0.62734375 0.51875 0.0625 0.1546875
1 0.540625 0.53203125 0.065625 0.159375
1 0.44921875 0.4984375 0.053125 0.065625
1 0.35390625 0.5625 0.0859375 0.1765625
1 0.23125 0.51640625 0.065625 0.0625
1 0.10546875 0.559375 0.06875 0.1109375
0 0.0953125 0.70234375 0.1484375 0.3875
0 0.2484375 0.665625 0.1421875 0.375
0 0.4859375 0.63203125 0.125 0.309375
0 0.5921875 0.59453125 0.121875 0.31875
0 0.740625 0.56171875 0.0953125 0.2765625
0 0.809375 0.55078125 0.0921875 0.2625