0 0.07734375 0.57578125 0.10625 0.43125
0 0.24765625 0.54921875 0.1078125 0.4140625
0 0.5140625 0.540625 0.0953125 0.3421875
0 0.81015625 0.50546875 0.0703125 0.3140625
0 0.91875 0.49453125 0.090625 0.30625
1 0.86171875 0.43203125 0.0484375 0.165625
1 0.76796875 0.43515625 0.0328125 0.1578125
1 0.69140625 0.43828125 0.0546875 0.178125
1 0.59375 0.44140625 0.0609375 0.1765625
1 0.4921875 0.3875 0.059375 0.078125
1 0.37890625 0.44921875 0.06875 0.2
1 0.2421875 0.378125 0.0765625 0.06875
1 0.08984375 0.4078125 0.0875 0.1265625