0 0.21875 0.51171875 0.0578125 0.2390625
0 0.3109375 0.50625 0.06875 0.2578125
0 0.4796875 0.51875 0.059375 0.2359375
0 0.57734375 0.5 0.0640625 0.25625
0 0.7375 0.50390625 0.059375 0.2421875
0 0.834375 0.50234375 0.05625 0.2484375
1 0.24375 0.45 0.0453125 0.140625
1 0.33359375 0.453125 0.0328125 0.1375
1 0.40625 0.45390625 0.04375 0.1328125
1 0.48828125 0.41640625 0.0390625 0.0578125
1 0.565625 0.40078125 0.040625 0.0421875
1 0.65078125 0.4484375 0.0421875 0.125
1 0.80625 0.4484375 0.034375 0.128125