1 0.76328125 0.55859375 0.0375 0.1375
1 0.6921875 0.5515625 0.0359375 0.1421875
1 0.61953125 0.546875 0.040625 0.1515625
1 0.53203125 0.53984375 0.0421875 0.15625
1 0.4515625 0.4875 0.0453125 0.059375
1 0.34375 0.528125 0.059375 0.171875
1 0.234375 0.45546875 0.0578125 0.0546875
1 0.10234375 0.46875 0.053125 0.1046875
0 0.06015625 0.60546875 0.090625 0.3828125
0 0.2171875 0.6046875 0.0875 0.3703125
0 0.45625 0.625 0.078125 0.303125
0 0.56875 0.6125 0.075 0.3140625
0 0.7203125 0.6140625 0.0546875 0.275
0 0.78984375 0.61875 0.053125 0.259375