1 0.10546875 0.434375 0.08125 0.2125
1 0.2359375 0.3625 0.0671875 0.0828125
1 0.36796875 0.4140625 0.071875 0.1875
1 0.48125 0.403125 0.0671875 0.1890625
1 0.58671875 0.39140625 0.0625 0.175
1 0.68984375 0.38359375 0.053125 0.1640625
1 0.7828125 0.37109375 0.0578125 0.1640625
0 0.09296875 0.54140625 0.09375 0.3828125
0 0.20859375 0.51484375 0.115625 0.4484375
0 0.2609375 0.51796875 0.0671875 0.3296875
0 0.6765625 0.4625 0.078125 0.3265625
0 0.9109375 0.4328125 0.0625 0.303125
0 0.8671875 0.4453125 0.1078125 0.4296875