0 0.21015625 0.315625 0.05 0.05625
0 0.19921875 0.46171875 0.1 0.24375
0 0.271875 0.48125 0.0953125 0.2640625
0 0.32578125 0.49140625 0.1296875 0.3390625
0 0.39765625 0.51171875 0.1390625 0.3796875
0 0.4921875 0.5453125 0.1546875 0.43125
0 0.6171875 0.603125 0.16875 0.4734375
0 0.72109375 0.6859375 0.2078125 0.628125
1 0.23671875 0.38125 0.0640625 0.1453125
1 0.3390625 0.3484375 0.05 0.05625
1 0.4671875 0.44296875 0.0796875 0.1953125
1 0.56953125 0.46796875 0.0921875 0.221875
1 0.69375 0.50078125 0.09375 0.2421875
1 0.83828125 0.53828125 0.125 0.2875
1 0.290625 0.340625 0.0390625 0.0453125
1 0.39921875 0.36171875 0.034375 0.0546875