0 0.3421875 0.53125 0.19375 0.4765625
0 0.5890625 0.5671875 0.146875 0.3890625
0 0.684375 0.584375 0.146875 0.39375
0 0.76640625 0.615625 0.1265625 0.3234375
0 0.88671875 0.6390625 0.109375 0.26875
1 0.865625 0.5546875 0.0734375 0.1546875
1 0.1640625 0.38046875 0.15 0.28125
1 0.3171875 0.42265625 0.1078125 0.24375
1 0.45546875 0.45234375 0.1078125 0.225
1 0.56171875 0.484375 0.09375 0.2015625
1 0.65625 0.5 0.0859375 0.18125
1 0.73828125 0.525 0.075 0.1734375
1 0.80703125 0.54296875 0.065625 0.1578125