1 0.10703125 0.53515625 0.06875 0.209375
1 0.24453125 0.5375 0.065625 0.2109375
1 0.37578125 0.5484375 0.0671875 0.209375
1 0.51328125 0.49453125 0.059375 0.10625
1 0.63125 0.490625 0.028125 0.0703125
1 0.7828125 0.4953125 0.0453125 0.0671875
1 0.93984375 0.57265625 0.0609375 0.2296875
0 0.05078125 0.63984375 0.0765625 0.3828125
0 0.2 0.65 0.0828125 0.390625
0 0.45234375 0.64453125 0.090625 0.4375
0 0.521875 0.68046875 0.065625 0.4046875
0 0.66328125 0.66171875 0.0765625 0.45625
0 0.7921875 0.68203125 0.090625 0.446875
0 0.87734375 0.66953125 0.090625 0.534375