1 0.0703125 0.559375 0.09375 0.2171875
1 0.2203125 0.5390625 0.0859375 0.2015625
1 0.34921875 0.51640625 0.071875 0.196875
1 0.4609375 0.5 0.0765625 0.184375
1 0.5625 0.48515625 0.0578125 0.1796875
1 0.675 0.46796875 0.071875 0.178125
1 0.771875 0.45234375 0.0609375 0.1671875
1 0.86640625 0.4390625 0.0703125 0.1671875
0 0.20234375 0.64609375 0.1234375 0.36875
0 0.32890625 0.6265625 0.1203125 0.3546875
0 0.43828125 0.60703125 0.103125 0.3296875
0 0.51484375 0.59921875 0.109375 0.346875
0 0.60546875 0.5546875 0.1046875 0.3703125
0 0.734375 0.521875 0.103125 0.3578125
0 0.82109375 0.52421875 0.0984375 0.334375
0 0.9390625 0.48359375 0.1140625 0.35625