0 0.18984375 0.35234375 0.04375 0.0515625
0 0.196875 0.4984375 0.071875 0.2421875
0 0.27109375 0.509375 0.0640625 0.2625
0 0.32578125 0.51328125 0.090625 0.3359375
0 0.4 0.52421875 0.0953125 0.3765625
0 0.49765625 0.54609375 0.1046875 0.4296875
0 0.62890625 0.58828125 0.1140625 0.4703125
0 0.74375 0.66484375 0.13125 0.6421875
1 0.22421875 0.4140625 0.046875 0.1421875
1 0.321875 0.36953125 0.0453125 0.0515625
1 0.4609375 0.446875 0.05625 0.1921875
1 0.565625 0.46015625 0.0671875 0.21875
1 0.69296875 0.47734375 0.065625 0.2390625
1 0.83984375 0.496875 0.0921875 0.2828125
1 0.27265625 0.3671875 0.034375 0.0421875
1 0.38359375 0.375 0.0296875 0.0515625