1 0.11015625 0.5625 0.0828125 0.2125
1 0.24765625 0.5546875 0.0796875 0.2140625
1 0.3796875 0.55703125 0.08125 0.2125
1 0.5125 0.49375 0.065625 0.109375
1 0.63046875 0.48125 0.0328125 0.071875
1 0.78203125 0.475 0.05 0.0703125
1 0.94375 0.5421875 0.0765625 0.2328125
0 0.06171875 0.67109375 0.103125 0.3859375
0 0.21171875 0.6703125 0.1109375 0.39375
0 0.4625 0.64765625 0.1203125 0.4421875
0 0.534375 0.678125 0.09375 0.40625
0 0.67421875 0.65 0.1078125 0.459375
0 0.80390625 0.6609375 0.121875 0.4515625
0 0.88828125 0.6421875 0.128125 0.5390625