1 0.06640625 0.5140625 0.0734375 0.2125
1 0.2171875 0.51015625 0.065625 0.1984375
1 0.3484375 0.50078125 0.0515625 0.19375
1 0.4609375 0.49609375 0.0578125 0.18125
1 0.5640625 0.49140625 0.0390625 0.178125
1 0.67734375 0.48671875 0.053125 0.1734375
1 0.775 0.48125 0.0453125 0.1640625
1 0.8703125 0.47734375 0.053125 0.1640625
0 0.1890625 0.6140625 0.0859375 0.3640625
0 0.3171875 0.6078125 0.084375 0.35
0 0.42734375 0.6 0.06875 0.3265625
0 0.50390625 0.6 0.075 0.3421875
0 0.59921875 0.565625 0.0671875 0.3671875
0 0.73046875 0.54609375 0.0671875 0.35625
0 0.8171875 0.5578125 0.0640625 0.33125
0 0.9390625 0.52890625 0.078125 0.353125