0 0.2328125 0.60625 0.153125 0.4640625
0 0.48046875 0.59453125 0.0984375 0.3546875
0 0.55 0.58046875 0.096875 0.3703125
0 0.76171875 0.52578125 0.1234375 0.3765625
0 0.8921875 0.49765625 0.1125 0.36875
1 0.0671875 0.5265625 0.10625 0.234375
1 0.21015625 0.428125 0.0859375 0.075
1 0.48671875 0.428125 0.06875 0.1125
1 0.3640625 0.48984375 0.090625 0.2125
1 0.61015625 0.4625 0.0796875 0.203125
1 0.7203125 0.44609375 0.078125 0.203125
1 0.83203125 0.43046875 0.0734375 0.196875
1 0.93125 0.41953125 0.0640625 0.1859375