0 0.14921875 0.57265625 0.0890625 0.3265625
0 0.28828125 0.61015625 0.0796875 0.359375
0 0.25234375 0.60703125 0.06875 0.3265625
0 0.3796875 0.5859375 0.1109375 0.4734375
0 0.49765625 0.59765625 0.13125 0.496875
0 0.65625 0.6015625 0.1453125 0.5734375
0 0.77265625 0.678125 0.15 0.5875
1 0.20859375 0.49140625 0.053125 0.159375
1 0.265625 0.4234375 0.0484375 0.0453125
1 0.33359375 0.428125 0.05 0.0765625
1 0.43515625 0.484375 0.0828125 0.2125
1 0.5484375 0.4859375 0.0859375 0.24375
1 0.696875 0.42265625 0.075 0.1609375
1 0.87421875 0.475 0.1390625 0.328125