1 0.634375 0.36875 0.08125 0.18125
1 0.14296875 0.4375 0.1 0.2234375
1 0.271875 0.34921875 0.075 0.075
1 0.4 0.33359375 0.0671875 0.065625
1 0.52265625 0.33203125 0.0625 0.0890625
1 0.74140625 0.35 0.0703125 0.175
1 0.82578125 0.26875 0.0390625 0.0421875
1 0.92734375 0.3265625 0.0640625 0.175
0 0.87109375 0.415625 0.1484375 0.4359375
0 0.7859375 0.43046875 0.1140625 0.3515625
0 0.55625 0.46796875 0.115625 0.3546875
0 0.42578125 0.4859375 0.128125 0.4109375
0 0.30859375 0.5109375 0.121875 0.4
0 0.25390625 0.53046875 0.1609375 0.48125
0 0.1265625 0.5390625 0.1515625 0.4