1 0.10625 0.39140625 0.0796875 0.2109375
1 0.25703125 0.3375 0.053125 0.075
1 0.36875 0.41640625 0.0734375 0.1921875
1 0.4828125 0.42421875 0.0625 0.18125
1 0.59375 0.43125 0.0453125 0.171875
1 0.68984375 0.4046875 0.05 0.103125
1 0.7765625 0.42421875 0.0484375 0.1390625
1 0.86796875 0.45390625 0.0546875 0.1703125
0 0.065625 0.49140625 0.096875 0.384375
0 0.19921875 0.50078125 0.090625 0.4671875
0 0.2453125 0.49921875 0.0765625 0.38125
0 0.5328125 0.53515625 0.1140625 0.375
0 0.81015625 0.540625 0.096875 0.4375
0 0.890625 0.5265625 0.078125 0.3046875
0 0.69609375 0.52578125 0.10625 0.30625