1 0.640625 0.37578125 0.071875 0.178125
1 0.146875 0.41875 0.0890625 0.221875
1 0.28046875 0.3375 0.071875 0.0734375
1 0.40859375 0.32890625 0.065625 0.0640625
1 0.53125 0.33359375 0.059375 0.0875
1 0.7484375 0.36328125 0.0625 0.1734375
1 0.8375 0.2859375 0.0375 0.040625
1 0.9359375 0.34921875 0.0546875 0.175
0 0.875 0.43515625 0.1265625 0.434375
0 0.7890625 0.4453125 0.096875 0.35
0 0.5578125 0.47109375 0.0984375 0.353125
0 0.4265625 0.48203125 0.10625 0.4109375
0 0.30859375 0.5015625 0.1015625 0.4
0 0.253125 0.5171875 0.1375 0.4796875
0 0.125 0.51953125 0.13125 0.3984375