0 0.07109375 0.38984375 0.1421875 0.3671875
0 0.20859375 0.43984375 0.1609375 0.359375
0 0.3828125 0.5140625 0.128125 0.30625
0 0.43984375 0.534375 0.1375 0.3296875
0 0.54140625 0.5328125 0.1484375 0.3625
0 0.8671875 0.65703125 0.1390625 0.315625
1 0.1359375 0.3390625 0.090625 0.1921875
1 0.25078125 0.3203125 0.0734375 0.0828125
1 0.3453125 0.40546875 0.1 0.184375
1 0.46796875 0.390625 0.075 0.1125
1 0.66640625 0.4953125 0.0921875 0.1796875
1 0.765625 0.5265625 0.09375 0.178125
1 0.87734375 0.55546875 0.0984375 0.1796875
1 0.5765625 0.4 0.06875 0.06875