0 0.0546875 0.50625 0.05703125 0.36484375
0 0.203125 0.5171875 0.071875 0.35234375
0 0.390625 0.54375 0.05078125 0.303125
0 0.45078125 0.5484375 0.0546875 0.3265625
0 0.5484375 0.52109375 0.05625 0.3609375
0 0.8953125 0.55625 0.06015625 0.3109375
1 0.10703125 0.4390625 0.04375 0.18671875
1 0.2125 0.390625 0.0578125 0.06953125
1 0.32578125 0.4484375 0.05625 0.17578125
1 0.440625 0.40234375 0.04921875 0.103125
1 0.659375 0.45234375 0.04921875 0.1734375
1 0.76328125 0.45703125 0.0515625 0.1703125
1 0.87890625 0.45625 0.05546875 0.171875
1 0.5484375 0.38359375 0.05625 0.05546875