1 0.09140625 0.5109375 0.103125 0.215625
1 0.2203125 0.415625 0.0609375 0.0796875
1 0.35 0.45859375 0.0953125 0.1953125
1 0.46171875 0.43203125 0.0828125 0.1828125
1 0.56953125 0.40703125 0.065625 0.1734375
1 0.653125 0.353125 0.0609375 0.10625
1 0.7421875 0.346875 0.065625 0.140625
1 0.83828125 0.3484375 0.075 0.1734375
0 0.08203125 0.61953125 0.140625 0.3859375
0 0.21328125 0.5890625 0.1453125 0.4640625
0 0.25625 0.5734375 0.121875 0.3796875
0 0.5421875 0.52421875 0.15625 0.378125
0 0.80859375 0.44765625 0.146875 0.4375
0 0.88125 0.4109375 0.1125 0.30625
0 0.6953125 0.4671875 0.140625 0.3109375