1 0.653125 0.39140625 0.05390625 0.17421875
1 0.15703125 0.38203125 0.06640625 0.21640625
1 0.2984375 0.315625 0.06484375 0.06640625
1 0.42734375 0.3203125 0.059375 0.0578125
1 0.5484375 0.3375 0.05078125 0.08203125
1 0.76171875 0.38984375 0.04453125 0.1703125
1 0.8578125 0.32265625 0.03359375 0.03671875
1 0.94921875 0.3953125 0.0375 0.171875
0 0.8796875 0.475 0.08203125 0.428125
0 0.79296875 0.47578125 0.0609375 0.34609375
0 0.56015625 0.47734375 0.0625 0.3484375
0 0.42890625 0.47421875 0.06484375 0.40625
0 0.309375 0.48125 0.0609375 0.3953125
0 0.25234375 0.49140625 0.08828125 0.47265625
0 0.125 0.48046875 0.09140625 0.390625