0 0.12578125 0.67265625 0.2015625 0.6546875
0 0.40546875 0.634375 0.1703125 0.73125
0 0.38671875 0.625 0.134375 0.5984375
0 0.640625 0.5453125 0.096875 0.425
0 0.9171875 0.46953125 0.0828125 0.309375
1 0.08671875 0.3828125 0.1234375 0.125
1 0.3125 0.4734375 0.1109375 0.3015625
1 0.46484375 0.45234375 0.0828125 0.265625
1 0.575 0.440625 0.078125 0.2375
1 0.66953125 0.42734375 0.059375 0.2140625
1 0.7421875 0.4203125 0.0625 0.184375
1 0.80546875 0.41171875 0.0578125 0.175
1 0.8578125 0.40078125 0.053125 0.1640625