0 0.0640625 0.4328125 0.128125 0.40625
0 0.43125 0.51875 0.096875 0.3234375
0 0.49375 0.534375 0.0953125 0.3484375
0 0.7375 0.5390625 0.1296875 0.415625
0 0.86953125 0.5640625 0.1140625 0.396875
1 0.11953125 0.3625 0.09375 0.20625
1 0.24609375 0.38359375 0.090625 0.2015625
1 0.3671875 0.40703125 0.084375 0.196875
1 0.4890625 0.38203125 0.0765625 0.121875
1 0.603125 0.44453125 0.084375 0.1953125
1 0.721875 0.45546875 0.0734375 0.1921875
1 0.84140625 0.475 0.0765625 0.1890625
1 0.9640625 0.49609375 0.071875 0.1921875