0 0.0546875 0.490625 0.0703125 0.3671875
0 0.20234375 0.50703125 0.084375 0.3546875
0 0.3890625 0.53984375 0.0609375 0.3046875
0 0.44921875 0.546875 0.065625 0.328125
0 0.54765625 0.52265625 0.06875 0.3625
0 0.89296875 0.5703125 0.0703125 0.3125
1 0.109375 0.425 0.05 0.1875
1 0.21640625 0.38046875 0.0609375 0.071875
1 0.32734375 0.4421875 0.0625 0.178125
1 0.44375 0.4 0.053125 0.1046875
1 0.6609375 0.4578125 0.0546875 0.175
1 0.76484375 0.46640625 0.0578125 0.171875
1 0.88046875 0.46953125 0.0609375 0.1734375
1 0.55234375 0.38515625 0.0578125 0.0578125