0 0.1359375 0.68203125 0.234375 0.6359375
0 0.41328125 0.63671875 0.2078125 0.7265625
0 0.39375 0.63046875 0.1640625 0.5984375
0 0.64296875 0.53828125 0.11875 0.425
0 0.91484375 0.44765625 0.0984375 0.3109375
1 0.08125 0.4046875 0.128125 0.1296875
1 0.31171875 0.4828125 0.125 0.3046875
1 0.4625 0.4546875 0.096875 0.2671875
1 0.57109375 0.43671875 0.090625 0.2390625
1 0.665625 0.41875 0.06875 0.215625
1 0.7375 0.4078125 0.071875 0.1859375
1 0.80078125 0.39609375 0.065625 0.1765625
1 0.85234375 0.3828125 0.0609375 0.165625