0 0.15078125 0.57890625 0.0953125 0.3265625
0 0.290625 0.6140625 0.0859375 0.359375
0 0.25390625 0.6109375 0.0734375 0.3265625
0 0.38125 0.5875 0.11875 0.4734375
0 0.49921875 0.59765625 0.1390625 0.496875
0 0.6578125 0.5984375 0.1546875 0.5734375
0 0.77578125 0.6734375 0.159375 0.5890625
1 0.20859375 0.49609375 0.05625 0.159375
1 0.2640625 0.42734375 0.0484375 0.046875
1 0.3328125 0.43046875 0.05 0.0765625
1 0.43515625 0.48515625 0.0859375 0.2140625
1 0.54765625 0.48515625 0.090625 0.2453125
1 0.6953125 0.41953125 0.0765625 0.1625
1 0.87421875 0.46796875 0.14375 0.3296875