0 0.221875 0.57265625 0.0984375 0.45625
0 0.46875 0.59140625 0.05625 0.353125
0 0.53984375 0.5859375 0.053125 0.36875
0 0.75625 0.55703125 0.0796875 0.371875
0 0.88984375 0.5453125 0.0703125 0.3640625
1 0.0671875 0.47421875 0.0796875 0.228125
1 0.22109375 0.39296875 0.0796875 0.065625
1 0.4953125 0.42734375 0.05625 0.10625
1 0.365625 0.4734375 0.065625 0.20625
1 0.61328125 0.47578125 0.05625 0.1984375
1 0.725 0.4734375 0.0546875 0.1984375
1 0.8375 0.47109375 0.05 0.19375
1 0.9375 0.47265625 0.04375 0.1828125