0 0.08359375 0.48984375 0.078125 0.3125
0 0.39140625 0.53125 0.075 0.3265625
0 0.496875 0.54921875 0.078125 0.3265625
0 0.6171875 0.5515625 0.0859375 0.3625
0 0.76015625 0.57109375 0.1015625 0.3828125
0 0.89609375 0.59609375 0.0953125 0.3671875
1 0.140625 0.428125 0.0609375 0.1578125
1 0.2296875 0.43984375 0.059375 0.1671875
1 0.31953125 0.44765625 0.059375 0.165625
1 0.42890625 0.45390625 0.0453125 0.1703125
1 0.52578125 0.4625 0.0546875 0.175
1 0.63828125 0.40390625 0.0640625 0.065625
1 0.74921875 0.41484375 0.034375 0.0671875
1 0.89140625 0.44296875 0.06875 0.090625