1 0.1921875 0.38359375 0.0796875 0.184375
1 0.309375 0.33984375 0.06875 0.0703125
1 0.41171875 0.41171875 0.0671875 0.16875
1 0.51171875 0.4265625 0.06875 0.1671875
1 0.6140625 0.4390625 0.05625 0.1640625
1 0.6984375 0.45390625 0.0484375 0.159375
1 0.79609375 0.465625 0.0578125 0.1515625
1 0.90078125 0.47890625 0.0453125 0.1578125
0 0.10703125 0.48515625 0.134375 0.4296875
0 0.27890625 0.5375 0.178125 0.5515625
0 0.57109375 0.52734375 0.0890625 0.3171875
0 0.715625 0.52734375 0.0921875 0.29375
0 0.81328125 0.53984375 0.0921875 0.2953125
0 0.8609375 0.54296875 0.0859375 0.321875