1 0.128125 0.4375 0.03125 0.0671875
1 0.209375 0.4828125 0.04375 0.1625
1 0.29609375 0.4875 0.046875 0.1703125
1 0.3875 0.49140625 0.0578125 0.1796875
1 0.49296875 0.4953125 0.0515625 0.1875
1 0.61328125 0.503125 0.046875 0.1984375
1 0.7453125 0.50234375 0.046875 0.21875
1 0.88203125 0.51640625 0.075 0.225
0 0.065625 0.56484375 0.084375 0.3671875
0 0.15546875 0.5546875 0.05625 0.30625
0 0.24453125 0.546875 0.0609375 0.3265625
0 0.34296875 0.559375 0.0703125 0.359375
0 0.459375 0.59140625 0.0640625 0.3453125
0 0.58125 0.5828125 0.078125 0.39375
0 0.7125 0.59765625 0.0921875 0.428125