1 0.12578125 0.45703125 0.03125 0.0671875
1 0.209375 0.49765625 0.046875 0.1625
1 0.29609375 0.4984375 0.05 0.1703125
1 0.3875 0.49765625 0.0609375 0.1796875
1 0.49296875 0.4953125 0.0546875 0.1890625
1 0.61328125 0.496875 0.05 0.2
1 0.7453125 0.48984375 0.0515625 0.2203125
1 0.88203125 0.49609375 0.0796875 0.2265625
0 0.0703125 0.5875 0.090625 0.36875
0 0.15859375 0.57265625 0.0609375 0.3078125
0 0.24765625 0.56015625 0.065625 0.3265625
0 0.34609375 0.56796875 0.0765625 0.3609375
0 0.4640625 0.59375 0.0703125 0.346875
0 0.5859375 0.578125 0.084375 0.39375
0 0.7171875 0.5859375 0.1 0.4296875