0 0.0890625 0.56953125 0.09375 0.3140625
0 0.39921875 0.5515625 0.0921875 0.328125
0 0.50625 0.54921875 0.0953125 0.3265625
0 0.625 0.528125 0.1046875 0.3640625
0 0.76953125 0.5203125 0.1203125 0.384375
0 0.90703125 0.51875 0.1125 0.36875
1 0.13359375 0.49765625 0.06875 0.1609375
1 0.22265625 0.4921875 0.0671875 0.16875
1 0.31328125 0.4828125 0.06875 0.1671875
1 0.42109375 0.46875 0.0546875 0.171875
1 0.51875 0.45859375 0.0625 0.175
1 0.6171875 0.3796875 0.0671875 0.06875
1 0.72890625 0.36875 0.0375 0.06875
1 0.8734375 0.36875 0.071875 0.09375