0 0.90625 0.51953125 0.1125 0.39375
0 0.0953125 0.53828125 0.0671875 0.296875
0 0.13828125 0.56640625 0.09375 0.384375
0 0.20234375 0.53359375 0.0875 0.315625
0 0.25390625 0.52265625 0.0609375 0.2859375
0 0.27890625 0.53125 0.065625 0.2953125
0 0.34140625 0.60703125 0.103125 0.353125
0 0.34140625 0.4328125 0.05625 0.1109375
0 0.41171875 0.47578125 0.0546875 0.2046875
0 0.44921875 0.5203125 0.0734375 0.3546875
0 0.50703125 0.525 0.06875 0.3390625
0 0.53515625 0.5375 0.075 0.353125
0 0.59375 0.553125 0.1015625 0.3921875
0 0.63828125 0.52265625 0.090625 0.3546875
0 0.75625 0.52578125 0.096875 0.38125
1 0.871875 0.36953125 0.05 0.0703125
1 0.2234375 0.41328125 0.034375 0.0421875
1 0.29375 0.421875 0.046875 0.071875
1 0.371875 0.45703125 0.0546875 0.165625
1 0.45234375 0.4171875 0.0453125 0.078125
1 0.54375 0.4046875 0.040625 0.0703125
1 0.65703125 0.45 0.0453125 0.178125
1 0.7734375 0.44296875 0.0546875 0.1953125