0 0.07578125 0.584375 0.09375 0.2859375
0 0.1234375 0.6125 0.0890625 0.28125
0 0.17109375 0.5890625 0.0890625 0.278125
0 0.2625 0.56875 0.09375 0.2953125
0 0.35625 0.55 0.10625 0.315625
0 0.45078125 0.55234375 0.1078125 0.3125
0 0.55390625 0.515625 0.1234375 0.3703125
0 0.66171875 0.5546875 0.19375 0.54375
0 0.72421875 0.52265625 0.1328125 0.4078125
0 0.80859375 0.5046875 0.159375 0.3890625
1 0.109375 0.4828125 0.0515625 0.0703125
1 0.196875 0.51328125 0.0734375 0.15625
1 0.28671875 0.49921875 0.0609375 0.1609375
1 0.37265625 0.4859375 0.0703125 0.1671875
1 0.46953125 0.46953125 0.0640625 0.16875
1 0.5546875 0.390625 0.04375 0.034375
1 0.65703125 0.36328125 0.04375 0.034375
1 0.78125 0.35703125 0.084375 0.08125