1 0.190625 0.43046875 0.0390625 0.13984375
1 0.2703125 0.37734375 0.04765625 0.03671875
1 0.35546875 0.44453125 0.04140625 0.1578125
1 0.44140625 0.45 0.04765625 0.1578125
1 0.55078125 0.4578125 0.028125 0.1640625
1 0.64765625 0.40703125 0.04609375 0.05
1 0.76484375 0.41328125 0.0609375 0.065625
1 0.88984375 0.41015625 0.0640625 0.046875
0 0.1484375 0.49609375 0.04609375 0.25859375
0 0.2265625 0.5109375 0.0390625 0.25390625
0 0.28125 0.5109375 0.05 0.36328125
0 0.32265625 0.49453125 0.0296875 0.27734375
0 0.42265625 0.51640625 0.0515625 0.3140625
0 0.51640625 0.5265625 0.05078125 0.34296875
0 0.62578125 0.534375 0.0703125 0.3625
0 0.74921875 0.553125 0.0625 0.34921875
0 0.928125 0.628125 0.078125 0.396875
0 0.896875 0.559375 0.06171875 0.38125