0 0.903125 0.5546875 0.0796875 0.390625
0 0.09375 0.503125 0.0421875 0.2953125
0 0.134375 0.534375 0.0609375 0.3828125
0 0.20078125 0.5078125 0.059375 0.3125
0 0.253125 0.5015625 0.0375 0.284375
0 0.2765625 0.51171875 0.040625 0.29375
0 0.3328125 0.59296875 0.0734375 0.35
0 0.34765625 0.41875 0.046875 0.10625
0 0.4140625 0.46796875 0.0375 0.203125
0 0.44765625 0.515625 0.0421875 0.353125
0 0.50546875 0.52578125 0.040625 0.3375
0 0.53203125 0.53984375 0.0453125 0.3515625
0 0.58828125 0.5609375 0.06875 0.3890625
0 0.6359375 0.534375 0.0609375 0.353125
0 0.753125 0.54765625 0.0640625 0.378125
1 0.88203125 0.40234375 0.0453125 0.065625
1 0.23125 0.38984375 0.03125 0.040625
1 0.3015625 0.40390625 0.040625 0.06875
1 0.3765625 0.44609375 0.040625 0.1640625
1 0.459375 0.41328125 0.0390625 0.075
1 0.5515625 0.40859375 0.034375 0.0671875
1 0.6609375 0.46328125 0.0296875 0.1765625
1 0.77734375 0.4671875 0.0375 0.19375