1 0.11171875 0.54609375 0.0765625 0.15625
1 0.20390625 0.5328125 0.0703125 0.1546875
1 0.2921875 0.51328125 0.071875 0.1546875
1 0.3796875 0.49375 0.075 0.15625
1 0.4734375 0.4765625 0.06875 0.1453125
1 0.55859375 0.4203125 0.0609375 0.0796875
1 0.65625 0.4046875 0.059375 0.078125
1 0.7609375 0.421875 0.078125 0.159375
0 0.79453125 0.48515625 0.1203125 0.328125
0 0.684375 0.52578125 0.1015625 0.2828125
0 0.58359375 0.5421875 0.109375 0.290625
0 0.47421875 0.55234375 0.1171875 0.303125
0 0.36640625 0.56796875 0.1140625 0.328125
0 0.28125 0.57265625 0.1109375 0.3109375
0 0.18828125 0.61484375 0.1125 0.2703125
0 0.08515625 0.62578125 0.096875 0.2765625