0 0.06796875 0.47890625 0.0546875 0.284375
0 0.10703125 0.51796875 0.05 0.28125
0 0.159375 0.50703125 0.0515625 0.278125
0 0.253125 0.50859375 0.053125 0.2953125
0 0.3484375 0.5140625 0.0640625 0.3140625
0 0.4390625 0.5390625 0.065625 0.3109375
0 0.5484375 0.528125 0.0734375 0.36875
0 0.64375 0.5921875 0.121875 0.5390625
0 0.71171875 0.57578125 0.078125 0.40625
0 0.7984375 0.57890625 0.109375 0.3828125
1 0.125 0.3890625 0.04375 0.065625
1 0.203125 0.43984375 0.053125 0.1515625
1 0.29296875 0.44765625 0.040625 0.1578125
1 0.3796875 0.45546875 0.0484375 0.1640625
1 0.47734375 0.4625 0.0421875 0.165625
1 0.57890625 0.40703125 0.040625 0.0296875
1 0.6859375 0.40546875 0.040625 0.0296875
1 0.80703125 0.42890625 0.0765625 0.071875