0 0.1015625 0.6625 0.0546875 0.409375
0 0.2046875 0.71640625 0.0578125 0.38125
0 0.18203125 0.528125 0.05625 0.14375
0 0.29921875 0.63046875 0.040625 0.38125
0 0.3328125 0.63984375 0.0390625 0.465625
0 0.36484375 0.6859375 0.06875 0.45625
0 0.40234375 0.4953125 0.0265625 0.078125
0 0.44375 0.6203125 0.0625 0.346875
0 0.49296875 0.596875 0.034375 0.2875
0 0.57734375 0.57890625 0.034375 0.2609375
0 0.61328125 0.6234375 0.0453125 0.3640625
0 0.64609375 0.48984375 0.021875 0.103125
0 0.696875 0.5609375 0.021875 0.225
0 0.72109375 0.58203125 0.0359375 0.290625
0 0.765625 0.565625 0.040625 0.25625
0 0.81015625 0.5421875 0.034375 0.228125
1 0.14765625 0.503125 0.0375 0.078125
1 0.27109375 0.51015625 0.0375 0.096875
1 0.37578125 0.48515625 0.028125 0.059375
1 0.471875 0.49375 0.025 0.059375
1 0.53984375 0.5203125 0.0375 0.1375
1 0.66640625 0.50703125 0.028125 0.13125