0 0.09375 0.64140625 0.0765625 0.4109375
0 0.19375 0.70078125 0.078125 0.384375
0 0.18125 0.51171875 0.0640625 0.146875
0 0.29296875 0.61953125 0.0609375 0.3828125
0 0.32578125 0.63125 0.0640625 0.465625
0 0.35546875 0.67890625 0.0921875 0.459375
0 0.40234375 0.48984375 0.03125 0.078125
0 0.4375 0.6171875 0.08125 0.35
0 0.48828125 0.59609375 0.05 0.2890625
0 0.5734375 0.5828125 0.0484375 0.2625
0 0.60703125 0.62890625 0.0640625 0.365625
0 0.64609375 0.49765625 0.028125 0.1046875
0 0.69375 0.57109375 0.034375 0.2265625
0 0.71640625 0.59375 0.0515625 0.2921875
0 0.76171875 0.5796875 0.0546875 0.2578125
0 0.8078125 0.55859375 0.046875 0.228125
1 0.14765625 0.484375 0.0421875 0.0796875
1 0.27109375 0.4984375 0.0421875 0.1
1 0.3765625 0.47890625 0.0296875 0.0609375
1 0.471875 0.4921875 0.0265625 0.059375
1 0.5390625 0.52265625 0.0453125 0.140625
1 0.665625 0.515625 0.034375 0.1328125