1 0.18359375 0.47421875 0.0578125 0.14375
1 0.25546875 0.41015625 0.0515625 0.04375
1 0.34921875 0.46484375 0.0625 0.1625
1 0.43515625 0.45859375 0.06875 0.1625
1 0.54453125 0.45078125 0.05 0.165625
1 0.63359375 0.3875 0.053125 0.05625
1 0.75 0.37734375 0.06875 0.0734375
1 0.8734375 0.35703125 0.0703125 0.0546875
0 0.1515625 0.5453125 0.08125 0.2625
0 0.23046875 0.54921875 0.0734375 0.25625
0 0.28515625 0.54140625 0.1 0.3671875
0 0.3234375 0.51953125 0.06875 0.278125
0 0.42578125 0.52734375 0.0953125 0.31875
0 0.5203125 0.52421875 0.0984375 0.346875
0 0.6296875 0.51640625 0.1203125 0.36875
0 0.75390625 0.51796875 0.1109375 0.3546875
0 0.9375 0.5671875 0.125 0.403125
0 0.9015625 0.50390625 0.1140625 0.3859375