0 0.0671875 0.5015625 0.03984375 0.2828125
0 0.10859375 0.53828125 0.0359375 0.2796875
0 0.16015625 0.525 0.0375 0.27578125
0 0.25390625 0.521875 0.03828125 0.29375
0 0.34921875 0.521875 0.0484375 0.31171875
0 0.44140625 0.5421875 0.04921875 0.30859375
0 0.55 0.52578125 0.05390625 0.3671875
0 0.6484375 0.584375 0.09375 0.53515625
0 0.715625 0.56484375 0.05703125 0.40390625
0 0.80234375 0.56328125 0.0890625 0.37890625
1 0.11953125 0.40859375 0.040625 0.06328125
1 0.2 0.45546875 0.04609375 0.15
1 0.290625 0.45859375 0.03203125 0.15703125
1 0.37734375 0.46171875 0.03984375 0.1625
1 0.47578125 0.4640625 0.03359375 0.16484375
1 0.57421875 0.403125 0.0390625 0.028125
1 0.68046875 0.39609375 0.03984375 0.02734375
1 0.803125 0.41328125 0.07265625 0.06875