1 0.1109375 0.5390625 0.075 0.15625
1 0.203125 0.52734375 0.06875 0.1546875
1 0.2921875 0.509375 0.0703125 0.1546875
1 0.3796875 0.4921875 0.0734375 0.1546875
1 0.4734375 0.47578125 0.0671875 0.14375
1 0.56015625 0.42109375 0.059375 0.0796875
1 0.6578125 0.40703125 0.059375 0.0765625
1 0.7625 0.4265625 0.0765625 0.159375
0 0.7953125 0.48984375 0.115625 0.328125
0 0.68359375 0.52890625 0.096875 0.2828125
0 0.5828125 0.54296875 0.1046875 0.290625
0 0.4734375 0.55234375 0.1125 0.303125
0 0.36484375 0.565625 0.109375 0.328125
0 0.2796875 0.56875 0.10625 0.3109375
0 0.1859375 0.609375 0.1078125 0.26875
0 0.0828125 0.61875 0.0921875 0.2765625