1 0.12578125 0.44765625 0.0703125 0.16875
1 0.2203125 0.459375 0.065625 0.175
1 0.3125 0.46640625 0.0640625 0.171875
1 0.42265625 0.47578125 0.0640625 0.18125
1 0.53359375 0.4859375 0.05625 0.1890625
1 0.65078125 0.45625 0.0671875 0.11875
1 0.78203125 0.45234375 0.075 0.096875
1 0.91640625 0.5265625 0.0875 0.2171875
0 0.0703125 0.52578125 0.0875 0.3125
0 0.1765625 0.53984375 0.08125 0.3140625
0 0.3796875 0.5546875 0.1 0.3625
0 0.4921875 0.56875 0.0921875 0.35625
0 0.6234375 0.59765625 0.090625 0.3578125
0 0.77890625 0.6109375 0.10625 0.3796875
0 0.86875 0.63046875 0.121875 0.3890625