1 0.21171875 0.37890625 0.053125 0.04375
1 0.3078125 0.4421875 0.05 0.15625
1 0.40078125 0.38359375 0.03125 0.0375
1 0.48984375 0.4140625 0.0578125 0.084375
1 0.590625 0.4078125 0.0484375 0.0515625
1 0.69296875 0.4203125 0.053125 0.071875
1 0.79296875 0.4203125 0.0375 0.06875
1 0.896875 0.47890625 0.0515625 0.1625
0 0.0671875 0.51328125 0.059375 0.30625
0 0.12578125 0.51484375 0.071875 0.334375
0 0.2078125 0.51875 0.0921875 0.3765625
0 0.2828125 0.5140625 0.0578125 0.284375
0 0.37578125 0.51015625 0.046875 0.3046875
0 0.41328125 0.5359375 0.078125 0.403125
0 0.52421875 0.56796875 0.059375 0.340625
0 0.58359375 0.525 0.065625 0.3140625
0 0.6875 0.55234375 0.0671875 0.3
0 0.775 0.5625 0.0703125 0.33125
0 0.81484375 0.53203125 0.0640625 0.3203125
0 0.91328125 0.565625 0.0734375 0.3046875