1 0.16796875 0.3328125 0.0484375 0.04375
1 0.228125 0.39765625 0.0703125 0.1640625
1 0.30390625 0.4140625 0.078125 0.178125
1 0.39296875 0.43515625 0.0859375 0.178125
1 0.4890625 0.4515625 0.0828125 0.1875
1 0.60234375 0.40625 0.0609375 0.0734375
1 0.73203125 0.425 0.08125 0.09375
1 0.8828125 0.43203125 0.084375 0.0640625
0 0.83515625 0.61796875 0.190625 0.4890625
0 0.68828125 0.590625 0.1515625 0.4171875
0 0.6015625 0.584375 0.159375 0.4578125
0 0.53515625 0.53515625 0.1328125 0.40625
0 0.33984375 0.4875 0.1359375 0.36875
0 0.2453125 0.4828125 0.1140625 0.3140625
0 0.1875 0.47265625 0.103125 0.2921875
0 0.13125 0.46875 0.1125 0.2921875
0 0.07265625 0.4359375 0.115625 0.3109375