1 0.41015625 0.46953125 0.05625 0.09375
1 0.6890625 0.46796875 0.0578125 0.15625
1 0.76484375 0.41171875 0.03125 0.05625
1 0.82890625 0.4 0.0359375 0.053125
1 0.14765625 0.4765625 0.0765625 0.0578125
1 0.2859375 0.46171875 0.078125 0.0828125
0 0.1046875 0.69140625 0.128125 0.496875
0 0.171875 0.62734375 0.1125 0.4125
0 0.29296875 0.62734375 0.0703125 0.3671875
0 0.32109375 0.64140625 0.0828125 0.40625
0 0.36796875 0.68515625 0.11875 0.4671875
0 0.43125 0.60859375 0.0671875 0.3390625
0 0.4703125 0.62578125 0.09375 0.3734375
0 0.5234375 0.640625 0.1015625 0.4359375
0 0.5765625 0.66015625 0.1140625 0.534375
0 0.609375 0.565625 0.0859375 0.40625
0 0.646875 0.54453125 0.084375 0.31875
0 0.7109375 0.41328125 0.0265625 0.05625
0 0.75234375 0.55390625 0.090625 0.365625
0 0.79453125 0.55234375 0.0640625 0.2953125
0 0.8 0.42265625 0.05625 0.1453125
0 0.86953125 0.50078125 0.06875 0.2765625
0 0.921875 0.52421875 0.0828125 0.3125