1 0.1296875 0.46953125 0.046875 0.04375
1 0.209375 0.50703125 0.065625 0.1640625
1 0.28671875 0.49375 0.071875 0.178125
1 0.3765625 0.4796875 0.08125 0.178125
1 0.47109375 0.459375 0.078125 0.1859375
1 0.559375 0.37421875 0.0578125 0.0734375
1 0.68671875 0.34296875 0.0796875 0.0921875
1 0.8296875 0.29375 0.0828125 0.0625
0 0.8546875 0.484375 0.175 0.4890625
0 0.70859375 0.51328125 0.1390625 0.41875
0 0.62578125 0.540625 0.1453125 0.459375
0 0.5453125 0.51953125 0.11875 0.4078125
0 0.346875 0.5484375 0.1234375 0.36875
0 0.2578125 0.57890625 0.103125 0.3140625
0 0.2 0.5921875 0.09375 0.29375
0 0.14609375 0.609375 0.103125 0.2921875
0 0.0796875 0.6 0.1046875 0.3109375