1 0.12265625 0.51328125 0.065625 0.1671875
1 0.21796875 0.50859375 0.0609375 0.1734375
1 0.309375 0.49921875 0.0578125 0.1703125
1 0.41953125 0.48984375 0.0578125 0.18125
1 0.53046875 0.48046875 0.05 0.1875
1 0.640625 0.43046875 0.0625 0.1171875
1 0.76953125 0.4046875 0.071875 0.09375
1 0.91484375 0.45390625 0.08125 0.215625
0 0.08125 0.6 0.078125 0.3109375
0 0.1890625 0.5953125 0.0703125 0.3140625
0 0.390625 0.575 0.0875 0.3625
0 0.50390625 0.56953125 0.0796875 0.3546875
0 0.63828125 0.575 0.078125 0.3578125
0 0.79375 0.5609375 0.09375 0.378125
0 0.8859375 0.56484375 0.1078125 0.3875