0 0.08046875 0.6765625 0.096875 0.3453125
0 0.14765625 0.64921875 0.1078125 0.31875
0 0.20234375 0.6859375 0.0890625 0.3515625
0 0.22890625 0.66875 0.071875 0.3265625
0 0.2578125 0.64765625 0.0703125 0.30625
0 0.31015625 0.6796875 0.09375 0.4046875
0 0.35625 0.65703125 0.08125 0.3328125
0 0.38828125 0.62421875 0.075 0.265625
0 0.47109375 0.62421875 0.096875 0.3875
0 0.61328125 0.6765625 0.1015625 0.371875
0 0.546875 0.51796875 0.05625 0.146875
0 0.5796875 0.471875 0.0453125 0.078125
0 0.70859375 0.61640625 0.0890625 0.3296875
0 0.67265625 0.5859375 0.0765625 0.3046875
0 0.78671875 0.57578125 0.090625 0.3296875
0 0.846875 0.60234375 0.1078125 0.421875
0 0.90546875 0.64609375 0.1390625 0.4625
0 0.9578125 0.5875 0.084375 0.384375
1 0.31484375 0.515625 0.0375 0.06875
1 0.39921875 0.5484375 0.0609375 0.15625
1 0.47890625 0.49453125 0.0484375 0.0625
1 0.57578125 0.47734375 0.0421875 0.053125
1 0.6640625 0.46171875 0.0578125 0.05625
1 0.76640625 0.45625 0.053125 0.0515625
1 0.86875 0.4578125 0.0609375 0.0828125
1 0.22265625 0.5140625 0.053125 0.0453125