1 0.23984375 0.3265625 0.059375 0.053125
1 0.321875 0.40625 0.078125 0.159375
1 0.42421875 0.3671875 0.0375 0.0421875
1 0.50625 0.4140625 0.071875 0.0921875
1 0.60703125 0.4265625 0.05625 0.059375
1 0.7046875 0.45859375 0.0640625 0.0796875
1 0.80234375 0.478125 0.0484375 0.0734375
1 0.89375 0.5546875 0.08125 0.1671875
0 0.07265625 0.43046875 0.115625 0.30625
0 0.13046875 0.44296875 0.1328125 0.334375
0 0.209375 0.46328125 0.1609375 0.3796875
0 0.28359375 0.47265625 0.1109375 0.284375
0 0.3765625 0.4859375 0.103125 0.303125
0 0.40859375 0.51875 0.153125 0.4015625
0 0.51015625 0.57109375 0.1234375 0.3390625
0 0.57734375 0.540625 0.1234375 0.3140625
0 0.67421875 0.58671875 0.1234375 0.3015625
0 0.75859375 0.61328125 0.13125 0.3328125
0 0.803125 0.59140625 0.121875 0.3203125
0 0.89375 0.64296875 0.1296875 0.30625