1 0.20546875 0.39453125 0.0515625 0.04140625
1 0.3046875 0.45234375 0.0421875 0.15390625
1 0.39453125 0.3890625 0.0296875 0.03671875
1 0.48515625 0.41484375 0.053125 0.08203125
1 0.5859375 0.403125 0.0453125 0.04921875
1 0.68828125 0.41015625 0.04921875 0.06953125
1 0.78828125 0.40546875 0.03359375 0.0671875
1 0.8953125 0.4578125 0.04296875 0.1609375
0 0.06875 0.5359375 0.04296875 0.3046875
0 0.12734375 0.534375 0.05390625 0.33125
0 0.209375 0.534375 0.07265625 0.3734375
0 0.28359375 0.52578125 0.04375 0.28203125
0 0.3765625 0.51640625 0.03125 0.30390625
0 0.415625 0.540625 0.0578125 0.4
0 0.52734375 0.56640625 0.0421875 0.33828125
0 0.58515625 0.5203125 0.05 0.31171875
0 0.68984375 0.5421875 0.05234375 0.29765625
0 0.778125 0.54765625 0.05390625 0.32890625
0 0.81640625 0.515625 0.046875 0.31796875
0 0.91640625 0.54375 0.0578125 0.3015625