0 0.07265625 0.59921875 0.078125 0.30625
0 0.14140625 0.58203125 0.0640625 0.275
0 0.2 0.55078125 0.059375 0.2609375
0 0.234375 0.575 0.053125 0.271875
0 0.26640625 0.58203125 0.0765625 0.340625
0 0.32734375 0.56796875 0.075 0.2890625
0 0.37265625 0.55859375 0.059375 0.2546875
0 0.43828125 0.5375 0.075 0.3265625
0 0.5296875 0.53671875 0.071875 0.3
0 0.57734375 0.58046875 0.1140625 0.3953125
0 0.6609375 0.56640625 0.084375 0.3109375
0 0.7734375 0.55546875 0.10625 0.4375
0 0.8078125 0.53984375 0.090625 0.378125
0 0.921875 0.54375 0.0984375 0.3875
1 0.30859375 0.4453125 0.0515625 0.0609375
1 0.38828125 0.4890625 0.0515625 0.1578125
1 0.47265625 0.4828125 0.059375 0.1671875
1 0.5484375 0.41953125 0.034375 0.0546875
1 0.66953125 0.46875 0.0640625 0.1734375
1 0.80234375 0.39296875 0.03125 0.0609375
1 0.91953125 0.3890625 0.06875 0.0765625