1 0.1734375 0.39921875 0.071875 0.1734375
1 0.2421875 0.40625 0.065625 0.1796875
1 0.33828125 0.37109375 0.0625 0.075
1 0.42734375 0.4484375 0.084375 0.20625
1 0.53984375 0.47109375 0.0875 0.2171875
1 0.66328125 0.49765625 0.1078125 0.2375
1 0.828125 0.52734375 0.1203125 0.259375
0 0.6265625 0.60234375 0.1484375 0.4546875
0 0.48125 0.5734375 0.1171875 0.384375
0 0.359375 0.52578125 0.121875 0.3859375
0 0.27265625 0.52421875 0.1421875 0.484375
0 0.1203125 0.46875 0.1046875 0.2984375
0 0.071875 0.45 0.084375 0.284375
0 0.03828125 0.43515625 0.0765625 0.2828125