0 0.05 0.56953125 0.096875 0.3453125
0 0.121875 0.56015625 0.1078125 0.31875
0 0.16640625 0.60859375 0.0890625 0.3515625
0 0.19609375 0.5984375 0.071875 0.3265625
0 0.22890625 0.58515625 0.0703125 0.30625
0 0.27265625 0.62890625 0.09375 0.4046875
0 0.32265625 0.6171875 0.08125 0.3328125
0 0.36171875 0.59296875 0.075 0.265625
0 0.4421875 0.61328125 0.096875 0.3875
0 0.5671875 0.6984375 0.1015625 0.371875
0 0.54140625 0.52890625 0.05625 0.146875
0 0.584375 0.4921875 0.0453125 0.078125
0 0.67421875 0.66328125 0.0890625 0.3296875
0 0.646875 0.625 0.0765625 0.3046875
0 0.759375 0.64296875 0.090625 0.3296875
0 0.81171875 0.6828125 0.1078125 0.421875
0 0.8578125 0.73984375 0.1390625 0.4625
0 0.93203125 0.69765625 0.1015625 0.384375
1 0.31640625 0.4703125 0.0375 0.06875
1 0.38984375 0.52265625 0.0609375 0.15625
1 0.48046875 0.48984375 0.0484375 0.0625
1 0.57890625 0.49609375 0.0421875 0.053125
1 0.66796875 0.50234375 0.0578125 0.05625
1 0.76875 0.521875 0.053125 0.0515625
1 0.86796875 0.5484375 0.0609375 0.0828125
1 0.22734375 0.446875 0.053125 0.0453125