0 0.0640625 0.546875 0.0625 0.3046875
0 0.134375 0.53828125 0.05 0.2734375
0 0.19609375 0.51328125 0.0453125 0.2609375
0 0.22734375 0.5421875 0.040625 0.2703125
0 0.2578125 0.553125 0.059375 0.3390625
0 0.3203125 0.54609375 0.0609375 0.2875
0 0.36640625 0.54296875 0.046875 0.253125
0 0.434375 0.5296875 0.059375 0.325
0 0.525 0.53984375 0.0578125 0.2984375
0 0.5671875 0.5890625 0.09375 0.3921875
0 0.6515625 0.5859375 0.0671875 0.309375
0 0.76484375 0.58828125 0.084375 0.4359375
0 0.80078125 0.5765625 0.0703125 0.3765625
0 0.91328125 0.5953125 0.0796875 0.3859375
1 0.31640625 0.42265625 0.0484375 0.059375
1 0.390625 0.47578125 0.04375 0.15625
1 0.475 0.4796875 0.0515625 0.1640625
1 0.5578125 0.4265625 0.0328125 0.053125
1 0.67265625 0.48984375 0.0546875 0.171875
1 0.8125 0.43046875 0.028125 0.059375
1 0.9296875 0.440625 0.065625 0.0734375