1 0.41640625 0.45546875 0.0515625 0.0921875
1 0.69140625 0.4984375 0.05 0.1546875
1 0.77578125 0.45390625 0.028125 0.0546875
1 0.840625 0.453125 0.034375 0.053125
1 0.15625 0.421875 0.0734375 0.053125
1 0.29453125 0.42890625 0.075 0.0796875
0 0.0796875 0.62734375 0.1015625 0.4953125
0 0.15546875 0.57421875 0.090625 0.4109375
0 0.275 0.59296875 0.0515625 0.3671875
0 0.30078125 0.61171875 0.0609375 0.40625
0 0.340625 0.6625 0.0953125 0.4640625
0 0.41484375 0.59609375 0.05 0.3375
0 0.45078125 0.61953125 0.0734375 0.3734375
0 0.50078125 0.6421875 0.078125 0.434375
0 0.55078125 0.6703125 0.0875 0.534375
0 0.59765625 0.58203125 0.0640625 0.4046875
0 0.63828125 0.56640625 0.06875 0.3171875
0 0.721875 0.44765625 0.0234375 0.05625
0 0.740625 0.5921875 0.071875 0.3640625
0 0.7828125 0.59765625 0.05 0.29375
0 0.8078125 0.47109375 0.05 0.14375
0 0.86484375 0.55859375 0.0546875 0.2765625
0 0.91328125 0.58984375 0.0671875 0.3109375