0 0.06171875 0.62421875 0.05625 0.34140625
0 0.13203125 0.60546875 0.06953125 0.3125
0 0.18203125 0.6484375 0.046875 0.34921875
0 0.21015625 0.634375 0.0328125 0.32421875
0 0.24140625 0.6171875 0.0328125 0.30390625
0 0.28984375 0.65546875 0.04453125 0.4015625
0 0.33828125 0.63828125 0.040625 0.33046875
0 0.37421875 0.609375 0.04296875 0.2625
0 0.45625 0.61953125 0.05 0.384375
0 0.590625 0.6890625 0.05703125 0.36796875
0 0.54453125 0.5234375 0.0390625 0.14375
0 0.5828125 0.48203125 0.03671875 0.07421875
0 0.69296875 0.640625 0.04921875 0.32578125
0 0.6609375 0.60625 0.03984375 0.3015625
0 0.775 0.61015625 0.0515625 0.3265625
0 0.83203125 0.64375 0.05703125 0.41796875
0 0.884375 0.69453125 0.08359375 0.45625
0 0.953125 0.64375 0.05546875 0.3796875
1 0.3140625 0.49296875 0.03046875 0.065625
1 0.39375 0.5359375 0.04296875 0.15234375
1 0.4796875 0.4921875 0.0421875 0.05703125
1 0.578125 0.48671875 0.03671875 0.0484375
1 0.6671875 0.48203125 0.05234375 0.05078125
1 0.76953125 0.4890625 0.0484375 0.0453125
1 0.87109375 0.503125 0.05234375 0.0765625
1 0.22265625 0.48046875 0.0484375 0.0390625