1 0.1359375 0.4609375 0.0390625 0.05
1 0.23046875 0.503125 0.06875 0.1578125
1 0.31171875 0.43984375 0.034375 0.0546875
1 0.3875 0.4328125 0.0359375 0.0625
1 0.49609375 0.47109375 0.0703125 0.165625
1 0.61171875 0.45625 0.05625 0.1734375
1 0.703125 0.38515625 0.0671875 0.06875
1 0.815625 0.38359375 0.0484375 0.0921875
0 0.07578125 0.621875 0.10625 0.3828125
0 0.12421875 0.60703125 0.0921875 0.3375
0 0.1875 0.584375 0.10625 0.3859375
0 0.2796875 0.44921875 0.046875 0.0796875
0 0.30625 0.5765625 0.0890625 0.2765625
0 0.35859375 0.5984375 0.1296875 0.3484375
0 0.43125 0.5890625 0.1109375 0.390625
0 0.49296875 0.5703125 0.090625 0.2828125
0 0.57109375 0.36953125 0.040625 0.0421875
0 0.6 0.55703125 0.128125 0.3734375
0 0.7203125 0.52734375 0.125 0.365625
0 0.93125 0.55625 0.1375 0.46875
0 0.865625 0.53515625 0.0984375 0.3859375
0 0.82421875 0.475 0.06875 0.25625