1 0.153125 0.4984375 0.0390625 0.1546875
1 0.2359375 0.5015625 0.04375 0.153125
1 0.32109375 0.503125 0.040625 0.1640625
1 0.4109375 0.43515625 0.046875 0.04375
1 0.515625 0.51015625 0.040625 0.1796875
1 0.6234375 0.45234375 0.05625 0.075
1 0.74609375 0.45390625 0.05625 0.078125
0 0.03046875 0.5828125 0.0578125 0.33125
0 0.1078125 0.57109375 0.053125 0.26875
0 0.1875 0.56953125 0.046875 0.31875
0 0.2828125 0.5734375 0.0375 0.325
0 0.36640625 0.5625 0.053125 0.371875
0 0.4421875 0.609375 0.0703125 0.4125
0 0.48515625 0.5921875 0.0421875 0.346875
0 0.56171875 0.59453125 0.04375 0.334375
0 0.61953125 0.60234375 0.0484375 0.346875
0 0.66875 0.60625 0.0765625 0.390625
0 0.75390625 0.64609375 0.0875 0.4203125
0 0.8640625 0.45 0.0515625 0.115625
0 0.896875 0.6625 0.0859375 0.471875
1 0.878125 0.44140625 0.078125 0.046875