0 0.02578125 0.4890625 0.0515625 0.28125
0 0.0609375 0.4890625 0.0765625 0.3109375
0 0.16875 0.5125 0.05625 0.29375
0 0.209375 0.53046875 0.096875 0.390625
0 0.275 0.5234375 0.059375 0.3140625
0 0.30546875 0.56328125 0.078125 0.38125
0 0.3734375 0.534375 0.0828125 0.3640625
0 0.446875 0.59609375 0.115625 0.4609375
0 0.46015625 0.39140625 0.053125 0.09375
0 0.50546875 0.59453125 0.0671875 0.3625
0 0.59375 0.61953125 0.090625 0.3921875
0 0.62890625 0.49921875 0.065625 0.2421875
0 0.7328125 0.62890625 0.1125 0.44375
0 0.93046875 0.65 0.1265625 0.521875
0 0.88828125 0.46796875 0.0515625 0.1421875
1 0.1265625 0.42578125 0.0625 0.165625
1 0.221875 0.3828125 0.0578125 0.05625
1 0.41171875 0.4125 0.059375 0.075
1 0.5234375 0.42421875 0.0546875 0.075
1 0.63671875 0.425 0.05 0.0546875
1 0.7546875 0.44765625 0.0578125 0.065625
1 0.8796875 0.45390625 0.05625 0.065625