0 0.1046875 0.67890625 0.1734375 0.4078125
0 0.14375 0.62578125 0.1203125 0.2984375
0 0.22734375 0.61328125 0.1203125 0.3
0 0.3125 0.59453125 0.1203125 0.3046875
0 0.371875 0.60078125 0.146875 0.3515625
0 0.41484375 0.58125 0.109375 0.2984375
0 0.4734375 0.6046875 0.1453125 0.3515625
0 0.51484375 0.5578125 0.125 0.309375
0 0.5984375 0.5609375 0.178125 0.39375
0 0.59609375 0.44375 0.0578125 0.0953125
0 0.71875 0.5125 0.146875 0.353125
0 0.775 0.50703125 0.159375 0.3875
0 0.815625 0.33984375 0.075 0.1140625
0 0.84765625 0.3796875 0.1171875 0.1828125
0 0.928125 0.5640625 0.14375 0.628125
1 0.1671875 0.5609375 0.0796875 0.1546875
1 0.25234375 0.54375 0.0796875 0.1640625
1 0.315625 0.4671875 0.0515625 0.05625
1 0.4 0.4609375 0.065625 0.075
1 0.4953125 0.4421875 0.0703125 0.090625
1 0.60859375 0.459375 0.09375 0.18125
1 0.7078125 0.371875 0.0578125 0.065625
1 0.81875 0.3453125 0.075 0.075