0 0.44453125 0.6609375 0.11875 0.521875
0 0.57109375 0.60859375 0.1421875 0.55625
0 0.82265625 0.440625 0.071875 0.2890625
0 0.7703125 0.4890625 0.096875 0.3046875
0 0.6953125 0.48359375 0.084375 0.309375
0 0.63203125 0.55859375 0.0796875 0.3359375
0 0.49765625 0.58359375 0.1015625 0.4015625
0 0.3234375 0.59453125 0.1046875 0.3625
0 0.1640625 0.64296875 0.090625 0.3796875
0 0.23828125 0.675 0.15 0.490625
1 0.14609375 0.478125 0.0546875 0.078125
1 0.2921875 0.453125 0.0625 0.078125
1 0.38671875 0.43046875 0.034375 0.0578125
1 0.49765625 0.40625 0.0359375 0.0546875
1 0.578125 0.4015625 0.0375 0.071875
1 0.65 0.434375 0.0484375 0.1484375
1 0.71328125 0.37265625 0.0375 0.053125