1 0.17421875 0.33359375 0.0421875 0.0515625
1 0.24765625 0.40625 0.0765625 0.1578125
1 0.34609375 0.3765625 0.0375 0.05625
1 0.41875 0.39765625 0.0390625 0.0625
1 0.50703125 0.471875 0.078125 0.1671875
1 0.6203125 0.49921875 0.065625 0.1734375
1 0.73125 0.465625 0.0703125 0.0703125
1 0.8359375 0.5046875 0.053125 0.09375
0 0.0609375 0.4609375 0.121875 0.38125
0 0.11015625 0.46484375 0.109375 0.3375
0 0.178125 0.46640625 0.1265625 0.384375
0 0.3125 0.37421875 0.05 0.0796875
0 0.2921875 0.50234375 0.103125 0.2765625
0 0.3328125 0.54140625 0.1453125 0.35
0 0.40390625 0.55859375 0.13125 0.3890625
0 0.46796875 0.5625 0.103125 0.2828125
0 0.61328125 0.403125 0.0421875 0.04375
0 0.57265625 0.5890625 0.1453125 0.3734375
0 0.69609375 0.6046875 0.14375 0.365625
0 0.88515625 0.7078125 0.1671875 0.4671875
0 0.82890625 0.6640625 0.11875 0.384375
0 0.81171875 0.59296875 0.08125 0.2546875