1 0.22734375 0.484375 0.0453125 0.1453125
1 0.30625 0.48359375 0.053125 0.14375
1 0.4671875 0.4359375 0.0453125 0.0765625
1 0.5578125 0.471875 0.0609375 0.1625
1 0.6640625 0.453125 0.053125 0.1453125
1 0.77109375 0.39375 0.0453125 0.05
1 0.88984375 0.40546875 0.0625 0.0828125
0 0.19296875 0.55 0.0640625 0.2765625
0 0.2765625 0.5546875 0.053125 0.259375
0 0.34921875 0.540625 0.0515625 0.30625
0 0.390625 0.5625 0.084375 0.3796875
0 0.44765625 0.546875 0.053125 0.2765625
0 0.4984375 0.58203125 0.0734375 0.3234375
0 0.54609375 0.53828125 0.078125 0.3125
0 0.6453125 0.55078125 0.0625 0.3046875
0 0.72734375 0.55625 0.0859375 0.35625
0 0.78125 0.5328125 0.0875 0.35625
0 0.9015625 0.546875 0.0859375 0.3421875