0 0.41953125 0.65078125 0.075 0.521875
0 0.553125 0.61796875 0.09375 0.553125
0 0.828125 0.4921875 0.046875 0.2875
0 0.76875 0.53125 0.071875 0.3015625
0 0.6953125 0.51484375 0.0578125 0.30625
0 0.621875 0.578125 0.05 0.3359375
0 0.484375 0.58203125 0.0671875 0.4
0 0.3109375 0.56640625 0.0734375 0.359375
0 0.14609375 0.58828125 0.0578125 0.378125
0 0.2140625 0.63125 0.1078125 0.4859375
1 0.15390625 0.42265625 0.0484375 0.075
1 0.3015625 0.42109375 0.05625 0.075
1 0.39921875 0.41328125 0.0296875 0.05625
1 0.5125 0.40703125 0.03125 0.0515625
1 0.59296875 0.41484375 0.0328125 0.0703125
1 0.65859375 0.45859375 0.0359375 0.146875
1 0.73046875 0.4078125 0.0328125 0.05