1 0.15703125 0.45 0.0609375 0.159375
1 0.23828125 0.46484375 0.0640625 0.1578125
1 0.32265625 0.478125 0.0625 0.16875
1 0.42109375 0.4234375 0.0515625 0.05
1 0.5140625 0.5125 0.065625 0.184375
1 0.62890625 0.4703125 0.0671875 0.0828125
1 0.75 0.48828125 0.0671875 0.0859375
0 0.0375 0.515625 0.075 0.3375
0 0.1015625 0.515625 0.0890625 0.2734375
0 0.18125 0.525 0.0921875 0.3234375
0 0.275 0.5421875 0.0828125 0.3265625
0 0.359375 0.54296875 0.1046875 0.3765625
0 0.42734375 0.6 0.1265625 0.41875
0 0.47265625 0.5890625 0.090625 0.35
0 0.54765625 0.60234375 0.090625 0.3375
0 0.60390625 0.61796875 0.096875 0.35
0 0.65234375 0.62890625 0.1296875 0.3984375
0 0.73125 0.6796875 0.1453125 0.428125
0 0.8671875 0.50078125 0.0671875 0.121875
0 0.8703125 0.71640625 0.15 0.478125
1 0.8828125 0.49453125 0.084375 0.0578125