0 0.03359375 0.59609375 0.0671875 0.2796875
0 0.06953125 0.58828125 0.0921875 0.3109375
0 0.1796875 0.58671875 0.0703125 0.29375
0 0.2234375 0.59453125 0.1171875 0.3921875
0 0.2859375 0.5734375 0.075 0.3140625
0 0.325 0.60546875 0.096875 0.38125
0 0.384375 0.56171875 0.1 0.365625
0 0.46953125 0.60546875 0.1390625 0.4625
0 0.43671875 0.403125 0.0578125 0.0953125
0 0.52734375 0.590625 0.0859375 0.3625
0 0.61796875 0.5953125 0.1109375 0.3921875
0 0.625 0.4703125 0.078125 0.2421875
0 0.75546875 0.57265625 0.134375 0.44375
0 0.93828125 0.54921875 0.1234375 0.5234375
0 0.871875 0.38125 0.059375 0.14375
1 0.11953125 0.51171875 0.071875 0.1671875
1 0.20234375 0.4484375 0.0609375 0.059375
1 0.39453125 0.434375 0.0625 0.0765625
1 0.50546875 0.42109375 0.059375 0.0765625
1 0.61640625 0.39609375 0.0515625 0.0578125
1 0.73671875 0.3921875 0.0609375 0.06875
1 0.859375 0.36953125 0.059375 0.06875