0 0.1203125 0.51171875 0.103125 0.3765625
0 0.19609375 0.50390625 0.1140625 0.3640625
0 0.3171875 0.5375 0.103125 0.3296875
0 0.3828125 0.53125 0.0953125 0.3
0 0.47734375 0.53125 0.071875 0.28125
0 0.51484375 0.53359375 0.128125 0.365625
0 0.62890625 0.54140625 0.0984375 0.2953125
0 0.75625 0.56328125 0.1 0.2734375
0 0.84296875 0.59609375 0.0984375 0.309375
1 0.18125 0.42890625 0.0765625 0.178125
1 0.35078125 0.421875 0.0578125 0.115625
1 0.48984375 0.4296875 0.0578125 0.0921875
1 0.621875 0.47265625 0.0703125 0.1453125
1 0.7390625 0.48359375 0.0625 0.1453125