0 0.09609375 0.43671875 0.125 0.3828125
0 0.14921875 0.4125 0.0890625 0.2796875
0 0.18984375 0.45546875 0.1359375 0.4078125
0 0.2921875 0.4625 0.1140625 0.3171875
0 0.3796875 0.50078125 0.1296875 0.3703125
0 0.44296875 0.496875 0.1125 0.3265625
0 0.5484375 0.52578125 0.1296875 0.3859375
0 0.61640625 0.5171875 0.1125 0.3390625
1 0.7703125 0.48828125 0.0765625 0.178125
1 0.62890625 0.40078125 0.059375 0.05
1 0.465625 0.3828125 0.0640625 0.078125
1 0.334375 0.40546875 0.0703125 0.16875
1 0.1953125 0.31953125 0.0484375 0.046875