0 0.17109375 0.60859375 0.0515625 0.2375
0 0.21640625 0.590625 0.05625 0.221875
0 0.28203125 0.58671875 0.0796875 0.29375
0 0.33359375 0.58046875 0.05625 0.225
0 0.42109375 0.58671875 0.0734375 0.2765625
0 0.43828125 0.5140625 0.04375 0.1609375
0 0.5609375 0.5484375 0.0515625 0.2390625
0 0.58828125 0.55625 0.071875 0.2640625
1 0.6734375 0.484375 0.0515625 0.13125
1 0.559375 0.49921875 0.046875 0.125
1 0.4390625 0.5125 0.0546875 0.1265625
1 0.33828125 0.51953125 0.046875 0.121875
1 0.2328125 0.53359375 0.0421875 0.125