0 0.2203125 0.67421875 0.0859375 0.5234375
0 0.2859375 0.64453125 0.0796875 0.5046875
0 0.42734375 0.6640625 0.1265625 0.671875
0 0.54453125 0.60625 0.1078125 0.4421875
0 0.653125 0.52890625 0.0890625 0.3390625
0 0.6953125 0.540625 0.053125 0.2984375
0 0.74765625 0.5125 0.0484375 0.259375
0 0.796875 0.53984375 0.0796875 0.3625
0 0.89765625 0.49140625 0.0703125 0.3234375
0 0.95625 0.49375 0.06875 0.3421875
1 0.18671875 0.4640625 0.084375 0.1328125
1 0.38359375 0.503125 0.06875 0.2265625
1 0.509375 0.425 0.05 0.0859375
1 0.61953125 0.465625 0.0484375 0.1734375
1 0.70390625 0.45078125 0.0421875 0.1546875