0 0.21953125 0.70546875 0.15625 0.3796875
0 0.29453125 0.69453125 0.1671875 0.40625
0 0.37265625 0.65078125 0.125 0.33125
0 0.43984375 0.65390625 0.121875 0.2921875
0 0.48671875 0.60546875 0.121875 0.28125
0 0.5453125 0.603125 0.1203125 0.2984375
0 0.58828125 0.571875 0.1015625 0.265625
0 0.6328125 0.56328125 0.0921875 0.25
0 0.69921875 0.5484375 0.1 0.271875
0 0.66015625 0.55 0.0796875 0.228125
0 0.76015625 0.53359375 0.1265625 0.33125
1 0.17109375 0.6265625 0.096875 0.203125
1 0.3203125 0.58203125 0.0890625 0.1796875
1 0.4296875 0.54765625 0.0765625 0.1625
1 0.53046875 0.515625 0.0671875 0.14375
1 0.61171875 0.49609375 0.0609375 0.1375