0 0.278125 0.7578125 0.175 0.484375
0 0.40703125 0.73359375 0.1890625 0.5328125
0 0.4390625 0.6640625 0.16875 0.4578125
0 0.74609375 0.559375 0.14375 0.4
0 0.80390625 0.56640625 0.171875 0.4453125
0 0.65078125 0.5828125 0.14375 0.3640625
0 0.61484375 0.65078125 0.1640625 0.4875
0 0.50546875 0.659375 0.1328125 0.390625
0 0.50546875 0.4828125 0.0703125 0.0890625
0 0.55 0.678125 0.16875 0.43125
1 0.1796875 0.65546875 0.134375 0.2828125
1 0.33828125 0.60078125 0.1109375 0.24375
1 0.4421875 0.509375 0.071875 0.11875
1 0.56015625 0.5234375 0.06875 0.1921875
1 0.63203125 0.44140625 0.04375 0.065625