0 0.2046875 0.33359375 0.125 0.146875
0 0.11640625 0.5953125 0.225 0.5765625
0 0.2328125 0.58046875 0.2140625 0.56875
0 0.346875 0.62578125 0.2765625 0.6671875
0 0.44453125 0.384375 0.071875 0.06875
0 0.46328125 0.596875 0.1921875 0.5015625
0 0.55078125 0.58515625 0.1546875 0.38125
0 0.6875 0.66171875 0.2234375 0.56875
0 0.77890625 0.60859375 0.1234375 0.321875
0 0.84453125 0.653125 0.1765625 0.4234375
1 0.77421875 0.47421875 0.04375 0.0546875
1 0.65078125 0.5109375 0.090625 0.1890625
1 0.5453125 0.4328125 0.05 0.0875
1 0.3765625 0.36796875 0.0296875 0.046875
1 0.18359375 0.34609375 0.1125 0.14375