0 0.08203125 0.67578125 0.1640625 0.5328125
0 0.1234375 0.671875 0.1109375 0.4140625
0 0.321875 0.603125 0.140625 0.403125
0 0.52265625 0.58046875 0.1015625 0.3671875
0 0.4859375 0.5984375 0.0109375 0.0046875
0 0.59375 0.60234375 0.1078125 0.4
0 0.66015625 0.59140625 0.115625 0.434375
0 0.72109375 0.55859375 0.0765625 0.3453125
0 0.74921875 0.559375 0.115625 0.4015625
0 0.871875 0.5359375 0.1140625 0.3484375
1 0.11796875 0.53046875 0.09375 0.2203125
1 0.321875 0.4921875 0.084375 0.1890625
1 0.50546875 0.4921875 0.078125 0.2046875
1 0.678125 0.41328125 0.06875 0.0875
1 0.8515625 0.40546875 0.06875 0.109375