0 0.08984375 0.434375 0.1625 0.39375
0 0.05 0.37890625 0.1 0.2453125
0 0.14296875 0.4234375 0.140625 0.3328125
0 0.3 0.48515625 0.1453125 0.3546875
0 0.3296875 0.384375 0.1203125 0.196875
0 0.40859375 0.4671875 0.1296875 0.3
0 0.503125 0.37890625 0.053125 0.0703125
0 0.4734375 0.55078125 0.1640625 0.3828125
0 0.53359375 0.51953125 0.146875 0.35
0 0.58671875 0.5171875 0.0875 0.24375
0 0.6 0.5234375 0.1046875 0.2765625
0 0.6515625 0.54765625 0.1453125 0.3390625
0 0.70078125 0.52890625 0.103125 0.253125
0 0.7484375 0.5609375 0.1046875 0.25625
0 0.81640625 0.55078125 0.146875 0.3359375
1 0.446875 0.4125 0.084375 0.1609375
1 0.3328125 0.3375 0.065625 0.0703125
1 0.16796875 0.35546875 0.10625 0.1828125
1 0.59296875 0.4046875 0.059375 0.08125
1 0.7046875 0.421875 0.05625 0.071875