0 0.2359375 0.64296875 0.146875 0.4578125
0 0.3265625 0.63359375 0.1546875 0.4859375
0 0.39296875 0.6078125 0.1140625 0.4015625
0 0.46015625 0.63125 0.1515625 0.478125
0 0.5203125 0.57421875 0.1125 0.3546875
0 0.61484375 0.56875 0.1203125 0.3734375
0 0.6328125 0.546875 0.0875 0.284375
0 0.7234375 0.63671875 0.1265625 0.415625
0 0.74140625 0.528125 0.09375 0.309375
0 0.803125 0.54609375 0.1140625 0.3625
0 0.89765625 0.54296875 0.1390625 0.4140625
0 0.91015625 0.48515625 0.078125 0.2578125
0 0.80703125 0.48046875 0.0875 0.284375
0 0.840625 0.48828125 0.0546875 0.2546875
1 0.3234375 0.490625 0.0796875 0.1390625
1 0.46640625 0.4375 0.0578125 0.0671875
1 0.590625 0.46953125 0.0703125 0.1609375
1 0.6859375 0.4453125 0.0625 0.1546875
1 0.7640625 0.4265625 0.0546875 0.1328125