0 0.20390625 0.54921875 0.1546875 0.4578125
0 0.2921875 0.56953125 0.1625 0.4859375
0 0.36328125 0.5671875 0.121875 0.4015625
0 0.41953125 0.6109375 0.159375 0.478125
0 0.4953125 0.5765625 0.1171875 0.3546875
0 0.5859375 0.60234375 0.1265625 0.3734375
0 0.6109375 0.5875 0.0921875 0.284375
0 0.66640625 0.70234375 0.134375 0.415625
0 0.71953125 0.60546875 0.0984375 0.309375
0 0.771875 0.6421875 0.1203125 0.3625
0 0.86171875 0.6703125 0.146875 0.415625
0 0.89296875 0.61953125 0.08125 0.2578125
0 0.796875 0.58203125 0.0921875 0.284375
0 0.82578125 0.59921875 0.059375 0.2546875
1 0.33671875 0.43359375 0.0828125 0.1390625
1 0.48828125 0.4296875 0.059375 0.0671875
1 0.59609375 0.50078125 0.0734375 0.1625
1 0.69375 0.50859375 0.0640625 0.1546875
1 0.77421875 0.51640625 0.05625 0.1328125