0 0.1953125 0.5109375 0.165625 0.4109375
0 0.13046875 0.48828125 0.1265625 0.3265625
0 0.33359375 0.5 0.1109375 0.309375
0 0.38046875 0.52109375 0.1484375 0.36875
0 0.44453125 0.5171875 0.096875 0.2609375
0 0.4828125 0.51875 0.1078125 0.2734375
0 0.58984375 0.52421875 0.090625 0.2546875
0 0.67890625 0.540625 0.0984375 0.24375
1 0.184375 0.32109375 0.059375 0.046875
1 0.33046875 0.41875 0.084375 0.1671875
1 0.4484375 0.44453125 0.071875 0.1515625
1 0.5625 0.46171875 0.0640625 0.1375
1 0.6546875 0.47578125 0.0625 0.134375