0 0.259375 0.6546875 0.134375 0.40625
0 0.1921875 0.64765625 0.1125 0.375
0 0.1640625 0.63828125 0.0796875 0.3421875
0 0.34609375 0.60703125 0.0859375 0.2921875
0 0.415625 0.60703125 0.090625 0.3015625
0 0.46640625 0.58359375 0.05625 0.2453125
0 0.50078125 0.60390625 0.1109375 0.38125
0 0.56796875 0.540625 0.0609375 0.2640625
0 0.6078125 0.57578125 0.0875 0.353125
0 0.62265625 0.5328125 0.059375 0.26875
0 0.63984375 0.4453125 0.0328125 0.09375
0 0.6671875 0.53125 0.0890625 0.321875
0 0.71875 0.5140625 0.071875 0.24375
1 0.15234375 0.51953125 0.059375 0.09375
1 0.31171875 0.540625 0.0640625 0.18125
1 0.425 0.484375 0.0515625 0.09375
1 0.5359375 0.48828125 0.0453125 0.1296875
1 0.61875 0.44921875 0.0390625 0.075