0 0.16640625 0.59140625 0.0390625 0.2375
0 0.2125 0.575 0.04375 0.221875
0 0.278125 0.575 0.0640625 0.2921875
0 0.32890625 0.571875 0.04375 0.2234375
0 0.41640625 0.5828125 0.059375 0.275
0 0.43828125 0.5109375 0.034375 0.159375
0 0.55859375 0.5515625 0.0390625 0.2390625
0 0.58515625 0.56015625 0.0578125 0.2625
1 0.67421875 0.49296875 0.0453125 0.1296875
1 0.559375 0.50234375 0.040625 0.1234375
1 0.4390625 0.509375 0.0484375 0.125
1 0.3375 0.5109375 0.040625 0.1203125
1 0.23125 0.51953125 0.0359375 0.1234375