0 0.2109375 0.59921875 0.109375 0.403125
0 0.29921875 0.5796875 0.0953125 0.3859375
0 0.35390625 0.603125 0.103125 0.4140625
0 0.3953125 0.5578125 0.09375 0.3640625
0 0.4828125 0.55 0.0859375 0.384375
0 0.53046875 0.57890625 0.096875 0.390625
0 0.56484375 0.53515625 0.078125 0.3390625
0 0.603125 0.52421875 0.0734375 0.3046875
0 0.66640625 0.5265625 0.1 0.375
0 0.7578125 0.50546875 0.071875 0.296875
0 0.6921875 0.51484375 0.0703125 0.290625
1 0.18125 0.4984375 0.0859375 0.2171875
1 0.33125 0.403125 0.0453125 0.040625
1 0.45078125 0.46484375 0.0609375 0.16875
1 0.55390625 0.40234375 0.0453125 0.0625
1 0.6390625 0.3953125 0.046875 0.065625