0 0.10546875 0.62265625 0.053125 0.453125
0 0.17734375 0.63046875 0.084375 0.5109375
0 0.29140625 0.66640625 0.1125 0.609375
0 0.32578125 0.41640625 0.05 0.08125
0 0.453125 0.6765625 0.0875 0.646875
0 0.540625 0.6296875 0.0625 0.503125
0 0.5796875 0.453125 0.04375 0.1640625
0 0.64453125 0.5421875 0.05625 0.321875
0 0.7390625 0.553125 0.05 0.3765625
0 0.84296875 0.53125 0.053125 0.3125
0 0.92734375 0.528125 0.05 0.2875
1 0.0859375 0.5078125 0.075 0.2453125
1 0.27734375 0.43046875 0.065625 0.084375
1 0.41171875 0.48203125 0.05625 0.178125
1 0.52265625 0.4328125 0.04375 0.071875
1 0.60078125 0.45234375 0.03125 0.1140625