0 0.096875 0.6 0.13125 0.39375
0 0.03984375 0.56484375 0.0796875 0.2453125
0 0.14140625 0.56875 0.1140625 0.3328125
0 0.31015625 0.56484375 0.115625 0.35625
0 0.2984375 0.46015625 0.10625 0.1921875
0 0.403125 0.50625 0.10625 0.3
0 0.45546875 0.3875 0.0484375 0.06875
0 0.4953125 0.55703125 0.1328125 0.384375
0 0.5390625 0.5046875 0.11875 0.35
0 0.58671875 0.48203125 0.0671875 0.2453125
0 0.60078125 0.4828125 0.08125 0.278125
0 0.6578125 0.484375 0.1171875 0.3390625
0 0.69609375 0.4484375 0.0828125 0.253125
0 0.753125 0.459375 0.0828125 0.25625
0 0.8109375 0.42265625 0.11875 0.3359375
1 0.4171875 0.440625 0.0734375 0.159375
1 0.2828125 0.415625 0.0609375 0.065625
1 0.13828125 0.49609375 0.0921875 0.18125
1 0.5484375 0.37578125 0.053125 0.0796875
1 0.6578125 0.3484375 0.0515625 0.0703125