0 0.28671875 0.5796875 0.090625 0.3390625
0 0.246875 0.58046875 0.0671875 0.2875
0 0.34453125 0.5890625 0.06875 0.328125
0 0.3765625 0.5546875 0.059375 0.271875
0 0.496875 0.53125 0.0625 0.23125
0 0.58359375 0.6046875 0.0671875 0.328125
0 0.63203125 0.5953125 0.059375 0.30625
0 0.7046875 0.5046875 0.0625 0.271875
0 0.5515625 0.52890625 0.05625 0.2578125
0 0.5875 0.4390625 0.034375 0.0828125
0 0.62109375 0.4359375 0.0421875 0.10625
0 0.13984375 0.625 0.0859375 0.3921875
0 0.09453125 0.62265625 0.0484375 0.328125
0 0.05546875 0.61640625 0.06875 0.3109375
0 0.01328125 0.63046875 0.0265625 0.3046875
1 0.06875 0.48203125 0.0640625 0.096875
1 0.22734375 0.49609375 0.04375 0.14375
1 0.35078125 0.4453125 0.0484375 0.059375
1 0.475 0.471875 0.0421875 0.1296875
1 0.56640625 0.425 0.0375 0.05625