0 0.759375 0.39609375 0.0984375 0.2640625
0 0.73046875 0.4328125 0.134375 0.3640625
0 0.56015625 0.46640625 0.09375 0.25625
0 0.65 0.4328125 0.0875 0.2046875
0 0.5984375 0.45078125 0.065625 0.1796875
0 0.621875 0.45546875 0.103125 0.275
0 0.2140625 0.6203125 0.171875 0.44375
0 0.2140625 0.48984375 0.09375 0.1390625
0 0.36484375 0.5390625 0.115625 0.309375
0 0.33203125 0.6203125 0.1640625 0.4328125
0 0.4421875 0.55078125 0.1359375 0.3546875
0 0.503125 0.546875 0.146875 0.3734375
1 0.15625 0.546875 0.0875 0.1921875
1 0.303125 0.44453125 0.0578125 0.0734375
1 0.40703125 0.41171875 0.053125 0.0640625
1 0.51484375 0.4265625 0.059375 0.1328125
1 0.5796875 0.4046875 0.0578125 0.11875