0 0.21875 0.696875 0.065625 0.4953125
0 0.34921875 0.70546875 0.0703125 0.540625
0 0.3984375 0.64296875 0.0671875 0.4578125
0 0.721875 0.62109375 0.0546875 0.4015625
0 0.7765625 0.64296875 0.075 0.44375
0 0.62421875 0.61953125 0.065625 0.3625
0 0.571875 0.67578125 0.0546875 0.490625
0 0.4640625 0.65546875 0.0453125 0.39375
0 0.509375 0.484375 0.053125 0.0796875
0 0.50234375 0.68515625 0.0734375 0.4296875
1 0.15 0.5671875 0.075 0.275
1 0.31796875 0.55546875 0.059375 0.2390625
1 0.44140625 0.49453125 0.0484375 0.1125
1 0.5515625 0.53828125 0.0265625 0.1921875
1 0.64296875 0.47734375 0.03125 0.0609375