0 0.1671875 0.5375 0.059375 0.2734375
0 0.209375 0.5203125 0.0828125 0.315625
0 0.36015625 0.515625 0.071875 0.2875
0 0.46484375 0.50859375 0.0609375 0.2671875
0 0.50859375 0.4921875 0.0609375 0.2828125
0 0.54375 0.509375 0.06875 0.3109375
0 0.62890625 0.5046875 0.0828125 0.33125
0 0.6953125 0.4875 0.0671875 0.315625
0 0.65078125 0.4796875 0.05 0.2765625
0 0.7625 0.471875 0.06875 0.265625
1 0.20546875 0.453125 0.0625 0.1640625
1 0.3546875 0.4 0.0453125 0.0640625
1 0.48046875 0.39140625 0.040625 0.0671875
1 0.6203125 0.38359375 0.040625 0.078125
1 0.7421875 0.409375 0.0484375 0.146875