0 0.125 0.5640625 0.0640625 0.3734375
0 0.19921875 0.54609375 0.0765625 0.359375
0 0.32421875 0.5625 0.0703125 0.325
0 0.38828125 0.54765625 0.0640625 0.296875
0 0.48203125 0.53359375 0.0421875 0.278125
0 0.51953125 0.53125 0.090625 0.359375
0 0.63359375 0.5234375 0.06875 0.290625
0 0.7625 0.5265625 0.071875 0.2671875
0 0.853125 0.54765625 0.0671875 0.3046875
1 0.17421875 0.4734375 0.0578125 0.1734375
1 0.34140625 0.44375 0.046875 0.1125
1 0.4796875 0.43125 0.0484375 0.0875
1 0.6171875 0.45546875 0.05625 0.140625
1 0.734375 0.45078125 0.0484375 0.1421875