0 0.18671875 0.37109375 0.1109375 0.1390625
0 0.13046875 0.64140625 0.1578125 0.5796875
0 0.24453125 0.6125 0.1484375 0.5734375
0 0.36328125 0.64296875 0.2 0.6703125
0 0.43046875 0.39140625 0.0671875 0.0625
0 0.47578125 0.60078125 0.1328125 0.50625
0 0.5609375 0.578125 0.109375 0.384375
0 0.70546875 0.6375 0.1578125 0.5734375
0 0.78984375 0.57421875 0.0859375 0.325
0 0.8609375 0.61015625 0.128125 0.4265625
1 0.76875 0.440625 0.0390625 0.0515625
1 0.65078125 0.49296875 0.0703125 0.1875
1 0.53671875 0.428125 0.040625 0.0859375
1 0.36171875 0.384375 0.025 0.0453125
1 0.1671875 0.3859375 0.1 0.1375