0 0.09140625 0.5078125 0.059375 0.37890625
0 0.1390625 0.475 0.0421875 0.27734375
0 0.18671875 0.51015625 0.0671875 0.4015625
0 0.2890625 0.49921875 0.06015625 0.31171875
0 0.38203125 0.521875 0.0671875 0.3640625
0 0.44296875 0.50703125 0.05703125 0.32109375
0 0.55234375 0.5171875 0.06484375 0.38125
0 0.61796875 0.496875 0.05546875 0.334375
1 0.7640625 0.44140625 0.04765625 0.171875
1 0.609375 0.3796875 0.05234375 0.0421875
1 0.44609375 0.390625 0.053125 0.0703125
1 0.3203125 0.4359375 0.0421875 0.16328125
1 0.16875 0.375 0.0421875 0.03984375