0 0.2796875 0.55703125 0.090625 0.3390625
0 0.23984375 0.55390625 0.0671875 0.2875
0 0.3359375 0.571875 0.06875 0.328125
0 0.371875 0.54140625 0.059375 0.271875
0 0.49375 0.53125 0.0625 0.23125
0 0.57265625 0.6125 0.0671875 0.328125
0 0.62109375 0.60859375 0.059375 0.30625
0 0.703125 0.5265625 0.0625 0.271875
0 0.5484375 0.53359375 0.05625 0.2578125
0 0.59375 0.4484375 0.034375 0.0828125
0 0.62734375 0.4484375 0.0421875 0.10625
0 0.12890625 0.58671875 0.0859375 0.3921875
0 0.08359375 0.5796875 0.0484375 0.328125
0 0.04609375 0.56953125 0.06875 0.3109375
0 0.0078125 0.57890625 0.015625 0.3046875
1 0.07265625 0.43671875 0.0640625 0.096875
1 0.2296875 0.46796875 0.04375 0.14375
1 0.35703125 0.4296875 0.0484375 0.059375
1 0.478125 0.46875 0.0421875 0.1296875
1 0.57421875 0.4328125 0.0375 0.05625