0 0.20546875 0.5796875 0.090625 0.403125
0 0.1375 0.571875 0.0671875 0.321875
0 0.33828125 0.5375 0.053125 0.3078125
0 0.38828125 0.54765625 0.08125 0.3625
0 0.45 0.52890625 0.0484375 0.2578125
0 0.48671875 0.521875 0.0578125 0.2703125
0 0.59296875 0.503125 0.04375 0.2515625
0 0.68359375 0.49921875 0.053125 0.2390625
1 0.15234375 0.396875 0.053125 0.0390625
1 0.31640625 0.45859375 0.0546875 0.1609375
1 0.4375 0.45703125 0.0453125 0.146875
1 0.55234375 0.4484375 0.0390625 0.1328125
1 0.6453125 0.4421875 0.0375 0.1296875