0 0.18828125 0.60703125 0.1484375 0.5234375
0 0.259375 0.5921875 0.140625 0.5046875
0 0.39296875 0.6453125 0.2078125 0.675
0 0.51953125 0.6140625 0.159375 0.446875
0 0.64296875 0.5625 0.1296875 0.34375
0 0.68125 0.58359375 0.0890625 0.2984375
0 0.73828125 0.56796875 0.0796875 0.259375
0 0.78046875 0.60546875 0.121875 0.365625
0 0.8890625 0.58125 0.109375 0.325
0 0.9453125 0.596875 0.109375 0.34375
1 0.203125 0.39453125 0.0984375 0.1390625
1 0.3859375 0.4765625 0.0953125 0.23125
1 0.52578125 0.42890625 0.059375 0.090625
1 0.62421875 0.49296875 0.06875 0.175
1 0.709375 0.4984375 0.059375 0.1578125