0 0.08828125 0.5203125 0.134375 0.4515625
0 0.11953125 0.503125 0.090625 0.39375
0 0.21796875 0.5484375 0.1078125 0.490625
0 0.315625 0.4921875 0.0859375 0.3609375
0 0.440625 0.5125 0.096875 0.490625
0 0.48984375 0.5046875 0.05625 0.340625
0 0.5375 0.5078125 0.0890625 0.375
0 0.6703125 0.48203125 0.06875 0.3359375
0 0.7234375 0.484375 0.090625 0.4109375
0 0.83671875 0.49140625 0.0640625 0.3125
0 0.88203125 0.49375 0.0828125 0.3953125
1 0.125 0.4109375 0.08125 0.221875
1 0.325 0.3640625 0.0671875 0.1
1 0.49765625 0.346875 0.05625 0.06875
1 0.6765625 0.346875 0.0578125 0.06875
1 0.83359375 0.40078125 0.0609375 0.184375