0 0.16953125 0.44453125 0.1046875 0.275
0 0.21484375 0.4390625 0.1359375 0.3203125
0 0.3609375 0.4765625 0.1203125 0.290625
0 0.46328125 0.4984375 0.1046875 0.26875
0 0.51015625 0.4953125 0.1078125 0.284375
0 0.5390625 0.52109375 0.1203125 0.3125
0 0.621875 0.540625 0.1375 0.334375
0 0.690625 0.54140625 0.1203125 0.3171875
0 0.65078125 0.521875 0.096875 0.2765625
0 0.759375 0.5453125 0.1125 0.26875
1 0.23046875 0.3734375 0.0890625 0.16875
1 0.38828125 0.36328125 0.0546875 0.06875
1 0.5109375 0.390625 0.05 0.071875
1 0.6484375 0.42109375 0.053125 0.0828125
1 0.7578125 0.4796875 0.071875 0.15