0 0.2296875 0.64296875 0.16875 0.4046875
0 0.3140625 0.61015625 0.153125 0.3859375
0 0.371875 0.62421875 0.165625 0.4140625
0 0.40546875 0.5734375 0.1484375 0.3640625
0 0.490625 0.55234375 0.14375 0.3828125
0 0.5421875 0.5734375 0.1546875 0.390625
0 0.56953125 0.52421875 0.128125 0.3375
0 0.60546875 0.5078125 0.11875 0.3046875
0 0.66796875 0.5 0.15625 0.3765625
0 0.75546875 0.465625 0.115625 0.296875
0 0.69140625 0.484375 0.1140625 0.290625
1 0.18515625 0.54765625 0.1171875 0.221875
1 0.31875 0.43125 0.05 0.0453125
1 0.44609375 0.4734375 0.084375 0.171875
1 0.53828125 0.3953125 0.053125 0.0671875
1 0.62109375 0.375 0.05625 0.0703125