0 0.078125 0.66796875 0.15625 0.5328125
0 0.12109375 0.66484375 0.103125 0.4125
0 0.3203125 0.6 0.1328125 0.4015625
0 0.52109375 0.58046875 0.0953125 0.365625
0 0.484375 0.59765625 0.0109375 0.0046875
0 0.5921875 0.60390625 0.1015625 0.4
0 0.65859375 0.59453125 0.1078125 0.434375
0 0.7203125 0.5625 0.0703125 0.34375
0 0.74765625 0.5640625 0.109375 0.4
0 0.871875 0.54296875 0.1078125 0.346875
1 0.11796875 0.52421875 0.090625 0.21875
1 0.321875 0.4890625 0.08125 0.1890625
1 0.50546875 0.4921875 0.075 0.2046875
1 0.6796875 0.41640625 0.0671875 0.0875
1 0.853125 0.41171875 0.0671875 0.1078125