1 0.16953125 0.58671875 0.090625 0.178125
1 0.3140625 0.5578125 0.08125 0.1609375
1 0.4484375 0.4734375 0.0734375 0.0828125
1 0.60859375 0.490625 0.0796875 0.1703125
1 0.74765625 0.41875 0.0796875 0.0828125
0 0.14921875 0.65234375 0.134375 0.3375
0 0.23828125 0.64921875 0.13125 0.3375
0 0.3203125 0.62734375 0.1359375 0.31875
0 0.44296875 0.6125 0.1109375 0.309375
0 0.484375 0.5890625 0.121875 0.334375
0 0.61015625 0.55546875 0.1453125 0.3625
0 0.7421875 0.54921875 0.11875 0.3234375
0 0.8078125 0.5390625 0.1171875 0.3140625