0 0.7765625 0.46171875 0.0375 0.2625
0 0.73984375 0.490625 0.046875 0.3625
0 0.56640625 0.48203125 0.03125 0.25625
0 0.66171875 0.47109375 0.040625 0.2
0 0.6078125 0.47578125 0.021875 0.1796875
0 0.62890625 0.4859375 0.0375 0.275
0 0.19375 0.54765625 0.06875 0.440625
0 0.225 0.42109375 0.065625 0.128125
0 0.359375 0.50546875 0.04375 0.3078125
0 0.3078125 0.57578125 0.0625 0.4296875
0 0.43125 0.53515625 0.053125 0.353125
0 0.49140625 0.54609375 0.059375 0.36875
1 0.1546875 0.4625 0.04375 0.1875
1 0.32265625 0.3984375 0.04375 0.065625
1 0.43125 0.3921875 0.040625 0.05625
1 0.53203125 0.43203125 0.028125 0.1296875
1 0.60078125 0.4265625 0.03125 0.1140625