0 0.19609375 0.590625 0.16875 0.4015625
0 0.3078125 0.58984375 0.146875 0.378125
0 0.3703125 0.53671875 0.134375 0.3515625
0 0.43515625 0.5390625 0.1265625 0.35
0 0.48828125 0.4984375 0.1171875 0.31875
0 0.54375 0.4875 0.13125 0.3421875
0 0.58515625 0.465625 0.096875 0.2984375
0 0.634375 0.4734375 0.1359375 0.371875
0 0.665625 0.434375 0.078125 0.2609375
0 0.690625 0.446875 0.1140625 0.3078125
1 0.1515625 0.50703125 0.10625 0.21875
1 0.29453125 0.41875 0.0671875 0.0890625
1 0.4234375 0.43515625 0.0796875 0.1734375
1 0.521875 0.37578125 0.0546875 0.0859375
1 0.6046875 0.3421875 0.0421875 0.040625