0 0.10703125 0.5734375 0.1390625 0.4984375
0 0.184375 0.634375 0.14375 0.5015625
0 0.27109375 0.6421875 0.190625 0.5890625
0 0.3375 0.578125 0.103125 0.4359375
0 0.3921875 0.5984375 0.1328125 0.465625
0 0.46015625 0.6546875 0.14375 0.4953125
0 0.86796875 0.5984375 0.08125 0.3625
0 0.8375 0.58828125 0.0671875 0.3671875
0 0.77734375 0.61328125 0.0859375 0.3921875
0 0.72421875 0.65703125 0.10625 0.44375
0 0.5640625 0.67421875 0.1421875 0.55
0 0.66015625 0.64296875 0.103125 0.4296875
0 0.63515625 0.44921875 0.0515625 0.0953125
0 0.7515625 0.42109375 0.0421875 0.0421875
1 0.68984375 0.45703125 0.0484375 0.09375
1 0.45859375 0.421875 0.065625 0.0890625
1 0.58828125 0.44921875 0.059375 0.1078125
1 0.31875 0.40859375 0.0578125 0.1078125
1 0.0921875 0.45859375 0.1046875 0.265625