0 0.13828125 0.6875 0.1109375 0.4796875
0 0.22578125 0.68515625 0.1453125 0.5765625
0 0.35859375 0.63828125 0.1046875 0.41875
0 0.453125 0.62890625 0.1015625 0.45625
0 0.51796875 0.5984375 0.0734375 0.3640625
0 0.5734375 0.61171875 0.078125 0.3609375
0 0.61640625 0.63359375 0.1203125 0.56875
0 0.665625 0.5703125 0.071875 0.3921875
0 0.71640625 0.5671875 0.09375 0.3640625
0 0.76171875 0.5390625 0.0734375 0.3015625
0 0.85234375 0.53046875 0.0828125 0.35
1 0.11328125 0.50625 0.09375 0.18125
1 0.32109375 0.52109375 0.08125 0.2296875
1 0.4671875 0.44609375 0.0546875 0.0953125
1 0.690625 0.421875 0.04375 0.0578125