0 0.159375 0.64140625 0.04765625 0.3796875
0 0.2234375 0.628125 0.0765625 0.44296875
0 0.3390625 0.6109375 0.04765625 0.39765625
0 0.415625 0.62109375 0.0515625 0.36796875
0 0.47734375 0.615625 0.0671875 0.41875
0 0.58125 0.5796875 0.04375 0.31796875
0 0.659375 0.55078125 0.04453125 0.23828125
0 0.7 0.6 0.040625 0.328125
0 0.80234375 0.5796875 0.053125 0.29765625
1 0.13515625 0.5296875 0.0640625 0.21953125
1 0.30234375 0.521875 0.05078125 0.190625
1 0.428125 0.46328125 0.0453125 0.0703125
1 0.54296875 0.5109375 0.034375 0.1546875
1 0.63046875 0.50859375 0.0375 0.140625