0 0.11875 0.70078125 0.171875 0.471875
0 0.21875 0.6625 0.165625 0.4703125
0 0.3078125 0.67578125 0.1875 0.55
0 0.5203125 0.5765625 0.1484375 0.4296875
0 0.35703125 0.4640625 0.0515625 0.1015625
0 0.4421875 0.68984375 0.2125 0.5984375
0 0.84453125 0.50078125 0.1421875 0.3875
0 0.79296875 0.5015625 0.1140625 0.3546875
0 0.74453125 0.6234375 0.190625 0.55625
0 0.6328125 0.5109375 0.0984375 0.3140625
0 0.625 0.56328125 0.109375 0.359375
0 0.596875 0.6109375 0.1609375 0.48125
0 0.71796875 0.37578125 0.0734375 0.1015625
1 0.1546875 0.57734375 0.10625 0.2421875
1 0.3375 0.53125 0.090625 0.215625
1 0.446875 0.45 0.059375 0.09375
1 0.63984375 0.4078125 0.0546875 0.078125
1 0.546875 0.43828125 0.034375 0.0859375