0 0.18203125 0.6875 0.1 0.3828125
0 0.24375 0.665625 0.1375 0.45
0 0.35625 0.63203125 0.103125 0.4
0 0.43359375 0.63203125 0.1015625 0.371875
0 0.49375 0.61796875 0.125 0.4234375
0 0.59140625 0.56796875 0.0875 0.3203125
0 0.66484375 0.528125 0.0765625 0.2421875
0 0.71171875 0.57109375 0.0859375 0.33125
0 0.81015625 0.53671875 0.09375 0.3015625
1 0.14296875 0.58046875 0.09375 0.2265625
1 0.30703125 0.54921875 0.0765625 0.1953125
1 0.4234375 0.4734375 0.0546875 0.0765625
1 0.54375 0.5046875 0.05625 0.1578125
1 0.63046875 0.490625 0.05625 0.14375