0 0.17265625 0.6703125 0.08125 0.3828125
0 0.2359375 0.6515625 0.115625 0.4484375
0 0.34921875 0.62421875 0.0828125 0.4
0 0.4265625 0.628125 0.0828125 0.3703125
0 0.4875 0.6171875 0.103125 0.4234375
0 0.5875 0.57265625 0.071875 0.3203125
0 0.66328125 0.53671875 0.065625 0.240625
0 0.7078125 0.58203125 0.06875 0.3296875
0 0.8078125 0.553125 0.078125 0.3015625
1 0.1390625 0.56171875 0.0828125 0.225
1 0.3046875 0.5390625 0.0671875 0.19375
1 0.425 0.46953125 0.0515625 0.0734375
1 0.54375 0.50703125 0.0484375 0.1578125
1 0.63046875 0.496875 0.05 0.14375