0 0.0921875 0.653125 0.075 0.459375
0 0.1765625 0.61328125 0.06875 0.4703125
0 0.2484375 0.66484375 0.0953125 0.5328125
0 0.38515625 0.58046875 0.075 0.4375
0 0.47734375 0.6078125 0.071875 0.453125
0 0.51640625 0.5484375 0.0546875 0.3609375
0 0.63125 0.48203125 0.0296875 0.2390625
0 0.66640625 0.578125 0.075 0.421875
0 0.7375 0.51328125 0.0453125 0.3109375
0 0.76875 0.5515625 0.0625 0.3359375
0 0.8796875 0.53046875 0.0875 0.3015625
1 0.1203125 0.4578125 0.078125 0.15625
1 0.3234375 0.4859375 0.06875 0.2171875
1 0.4625 0.41484375 0.0453125 0.0671875
1 0.5921875 0.465625 0.0453125 0.16875
1 0.68515625 0.41484375 0.0375 0.0703125