0 0.14140625 0.69375 0.11875 0.4796875
0 0.2296875 0.690625 0.1546875 0.5765625
0 0.3609375 0.64140625 0.1125 0.41875
0 0.45546875 0.6296875 0.109375 0.45625
0 0.51953125 0.5984375 0.0796875 0.3640625
0 0.575 0.6109375 0.084375 0.3609375
0 0.61875 0.63125 0.1296875 0.56875
0 0.66640625 0.5671875 0.078125 0.3921875
0 0.7171875 0.56328125 0.1 0.3640625
0 0.76171875 0.534375 0.078125 0.3015625
0 0.853125 0.52421875 0.0890625 0.35
1 0.11328125 0.51328125 0.096875 0.1828125
1 0.321875 0.52421875 0.0859375 0.2296875
1 0.46640625 0.446875 0.05625 0.0953125
1 0.6890625 0.41875 0.0453125 0.0578125