0 0.13984375 0.67265625 0.1640625 0.5
0 0.2296875 0.7109375 0.16875 0.503125
0 0.31640625 0.696875 0.2203125 0.5921875
0 0.36328125 0.6171875 0.125 0.4359375
0 0.42109375 0.6234375 0.15625 0.465625
0 0.5015625 0.659375 0.16875 0.496875
0 0.88125 0.5 0.1 0.3625
0 0.8484375 0.49765625 0.0859375 0.3671875
0 0.796875 0.5375 0.10625 0.3921875
0 0.75703125 0.59375 0.128125 0.4453125
0 0.60703125 0.6515625 0.1703125 0.5515625
0 0.69140625 0.596875 0.125 0.4296875
0 0.6171875 0.415625 0.05625 0.096875
0 0.72265625 0.35859375 0.04375 0.0453125
1 0.67265625 0.409375 0.053125 0.0953125
1 0.43984375 0.43515625 0.06875 0.0921875
1 0.57265625 0.42734375 0.065625 0.1109375
1 0.3015625 0.45859375 0.0640625 0.109375
1 0.0953125 0.565625 0.1171875 0.26875