0 0.09921875 0.51640625 0.1984375 0.4921875
0 0.1625 0.50078125 0.1359375 0.3578125
0 0.2078125 0.5546875 0.1421875 0.3375
0 0.31953125 0.54921875 0.1234375 0.346875
0 0.34296875 0.56875 0.1625 0.4296875
0 0.3734375 0.6625 0.1984375 0.4625
0 0.4921875 0.5828125 0.1234375 0.325
0 0.53125 0.6046875 0.140625 0.3515625
0 0.5890625 0.6140625 0.1625 0.403125
0 0.66015625 0.62578125 0.1015625 0.28125
0 0.69609375 0.6546875 0.1296875 0.3203125
0 0.76875 0.6796875 0.1546875 0.3671875
0 0.80078125 0.63984375 0.0984375 0.253125
0 0.86171875 0.61640625 0.109375 0.2703125
0 0.88828125 0.71015625 0.1859375 0.459375
1 0.1953125 0.36328125 0.0671875 0.0734375
1 0.35859375 0.41328125 0.0453125 0.0765625
1 0.49296875 0.50546875 0.078125 0.175
1 0.65078125 0.53671875 0.08125 0.1671875
1 0.7875 0.5265625 0.0625 0.0828125