0 0.12578125 0.6875 0.1625 0.49375
0 0.2328125 0.68125 0.19375 0.540625
0 0.3578125 0.6 0.1375 0.4609375
0 0.4296875 0.6234375 0.159375 0.509375
0 0.53828125 0.559375 0.125 0.3984375
0 0.5984375 0.553125 0.1609375 0.496875
0 0.675 0.52578125 0.11875 0.340625
0 0.79140625 0.4765625 0.103125 0.321875
0 0.85234375 0.4953125 0.1375 0.4171875
0 0.9078125 0.4890625 0.109375 0.33125
1 0.73203125 0.41875 0.0765625 0.171875
1 0.61953125 0.44609375 0.08125 0.1875
1 0.475 0.48203125 0.0921875 0.203125
1 0.30625 0.521875 0.0765625 0.2234375
1 0.0890625 0.48828125 0.0921875 0.0984375