0 0.16171875 0.58203125 0.1359375 0.4390625
0 0.25390625 0.590625 0.125 0.440625
0 0.39921875 0.5421875 0.0984375 0.3421875
0 0.446875 0.55078125 0.1171875 0.40625
0 0.52421875 0.5078125 0.0875 0.3109375
0 0.6453125 0.471875 0.090625 0.278125
0 0.73515625 0.46328125 0.0828125 0.240625
0 0.8640625 0.45859375 0.125 0.371875
1 0.15625 0.41640625 0.0765625 0.0859375
1 0.35 0.45859375 0.0765625 0.190625
1 0.48515625 0.4390625 0.059375 0.1703125
1 0.60625 0.41953125 0.0578125 0.15625
1 0.69609375 0.40390625 0.0515625 0.140625