0 0.09765625 0.56640625 0.159375 0.490625
0 0.16484375 0.54140625 0.0953125 0.359375
0 0.21640625 0.58984375 0.1046875 0.3359375
0 0.3265625 0.57109375 0.0828125 0.35
0 0.35234375 0.5875 0.1125 0.43125
0 0.39375 0.6765625 0.1453125 0.4609375
0 0.50234375 0.5828125 0.0859375 0.328125
0 0.54375 0.6 0.1 0.353125
0 0.60234375 0.60234375 0.1171875 0.403125
0 0.67421875 0.60546875 0.06875 0.284375
0 0.71328125 0.62890625 0.0921875 0.321875
0 0.78828125 0.6453125 0.1125 0.3671875
0 0.815625 0.60234375 0.06875 0.2546875
0 0.87265625 0.571875 0.0796875 0.2703125
0 0.9109375 0.66171875 0.134375 0.459375
1 0.18046875 0.4015625 0.0609375 0.06875
1 0.34921875 0.43125 0.0375 0.0734375
1 0.49375 0.50625 0.059375 0.175
1 0.6546875 0.51796875 0.0625 0.165625
1 0.78828125 0.49140625 0.0546875 0.078125