0 0.09921875 0.61953125 0.0796875 0.490625
0 0.20546875 0.63203125 0.103125 0.534375
0 0.34296875 0.57421875 0.059375 0.4609375
0 0.409375 0.609375 0.0734375 0.5078125
0 0.52734375 0.56484375 0.0578125 0.396875
0 0.58828125 0.56953125 0.0765625 0.49375
0 0.66796875 0.55546875 0.0625 0.3375
0 0.79140625 0.528125 0.0484375 0.3203125
0 0.84765625 0.55625 0.0671875 0.4140625
0 0.903125 0.56015625 0.053125 0.3296875
1 0.7421875 0.4609375 0.0484375 0.165625
1 0.6265625 0.4671875 0.05 0.1828125
1 0.478125 0.47734375 0.059375 0.1984375
1 0.30546875 0.4875 0.0390625 0.2203125
1 0.09765625 0.4171875 0.078125 0.0875