0 0.92265625 0.56953125 0.0921875 0.3234375
0 0.80625 0.5375 0.0921875 0.3078125
0 0.70390625 0.51796875 0.08125 0.3359375
0 0.7453125 0.55234375 0.1109375 0.384375
0 0.12421875 0.58359375 0.115625 0.3859375
0 0.21328125 0.3046875 0.125 0.140625
0 0.21171875 0.621875 0.2 0.6890625
0 0.334375 0.525 0.1125 0.4203125
0 0.42578125 0.54765625 0.1265625 0.4796875
0 0.503125 0.51328125 0.1 0.3890625
0 0.565625 0.5484375 0.0828125 0.390625
0 0.6 0.60703125 0.125 0.5140625
1 0.10546875 0.41484375 0.1015625 0.2640625
1 0.2984375 0.42734375 0.065625 0.2296875
1 0.4765625 0.3671875 0.0328125 0.059375
1 0.58046875 0.40546875 0.0421875 0.096875
1 0.68046875 0.4484375 0.05625 0.1625