0 0.1390625 0.61640625 0.140625 0.6953125
0 0.315625 0.67890625 0.1328125 0.6140625
0 0.396875 0.59765625 0.0859375 0.540625
0 0.46796875 0.64609375 0.1 0.575
0 0.56796875 0.6125 0.0890625 0.415625
0 0.69921875 0.5734375 0.0625 0.375
0 0.7390625 0.621875 0.0953125 0.503125
0 0.81484375 0.57578125 0.0765625 0.3515625
0 0.91875 0.58515625 0.0953125 0.521875
1 0.0609375 0.4828125 0.09375 0.3328125
1 0.328125 0.39921875 0.084375 0.134375
1 0.50546875 0.46875 0.065625 0.2328125
1 0.65 0.478125 0.0625 0.2171875
1 0.76640625 0.42578125 0.05 0.1046875