0 0.096875 0.53359375 0.19375 0.4984375
0 0.25859375 0.6015625 0.2875 0.684375
0 0.34765625 0.56328125 0.1609375 0.4453125
0 0.45546875 0.628125 0.2234375 0.53125
0 0.59453125 0.45390625 0.1171875 0.20625
0 0.5296875 0.5984375 0.165625 0.4359375
0 0.65078125 0.61015625 0.140625 0.346875
0 0.7390625 0.6625 0.1703125 0.4421875
0 0.78984375 0.690625 0.2015625 0.4765625
1 0.1125 0.3828125 0.15625 0.3015625
1 0.365625 0.3625 0.071875 0.0921875
1 0.49765625 0.415625 0.0640625 0.1078125
1 0.63046875 0.51328125 0.0921875 0.196875
1 0.73046875 0.53203125 0.0859375 0.1765625