0 0.31015625 0.615625 0.140625 0.4765625
0 0.453125 0.63984375 0.1375 0.453125
0 0.39609375 0.39296875 0.059375 0.071875
0 0.83984375 0.4640625 0.1078125 0.34375
0 0.7875 0.50390625 0.125 0.4203125
0 0.69609375 0.51328125 0.121875 0.3890625
0 0.5234375 0.55625 0.0953125 0.3484375
0 0.6203125 0.49140625 0.103125 0.3484375
0 0.55390625 0.571875 0.125 0.4234375
0 0.609375 0.596875 0.13125 0.4484375
0 0.546875 0.37734375 0.053125 0.065625
1 0.20859375 0.53828125 0.10625 0.2578125
1 0.3484375 0.5015625 0.0875 0.2234375
1 0.4484375 0.4734375 0.0734375 0.1921875
1 0.528125 0.375 0.0390625 0.040625
1 0.59453125 0.3640625 0.028125 0.0234375