0 0.1953125 0.5265625 0.175 0.4953125
0 0.29921875 0.53828125 0.14375 0.4453125
0 0.4 0.56171875 0.140625 0.4765625
0 0.45078125 0.521875 0.1171875 0.4125
0 0.69765625 0.559375 0.1234375 0.3796875
0 0.5015625 0.5375 0.103125 0.3515625
0 0.56640625 0.3984375 0.0484375 0.0796875
0 0.55859375 0.5671875 0.103125 0.365625
0 0.6578125 0.40625 0.059375 0.0765625
0 0.59296875 0.57578125 0.1265625 0.421875
1 0.2625 0.42109375 0.075 0.24375
1 0.390625 0.4328125 0.084375 0.2171875
1 0.5078125 0.39609375 0.0578125 0.09375
1 0.6078125 0.4125 0.0484375 0.09375
1 0.67890625 0.4203125 0.0453125 0.078125