0 0.2328125 0.70390625 0.1828125 0.509375
0 0.3171875 0.70234375 0.2625 0.5953125
0 0.43359375 0.64140625 0.15 0.4359375
0 0.50234375 0.6453125 0.1921875 0.4984375
0 0.565625 0.58671875 0.134375 0.3703125
0 0.6734375 0.53046875 0.121875 0.325
0 0.734375 0.59609375 0.190625 0.39375
0 0.77421875 0.50625 0.1140625 0.31875
0 0.84453125 0.528125 0.153125 0.36875
1 0.16640625 0.61171875 0.128125 0.2671875
1 0.36328125 0.55390625 0.1078125 0.2328125
1 0.48828125 0.45390625 0.0609375 0.0859375
1 0.61875 0.478125 0.0828125 0.1765625
1 0.6953125 0.40546875 0.046875 0.0609375