0 0.3140625 0.62265625 0.15625 0.475
0 0.4578125 0.64140625 0.153125 0.4515625
0 0.3921875 0.396875 0.0609375 0.0734375
0 0.83828125 0.45234375 0.1203125 0.34375
0 0.7875 0.49375 0.1390625 0.41875
0 0.69609375 0.50625 0.1359375 0.3890625
0 0.525 0.55546875 0.10625 0.346875
0 0.6203125 0.4875 0.1140625 0.346875
0 0.55625 0.5703125 0.1390625 0.421875
0 0.6125 0.59296875 0.1453125 0.446875
0 0.5421875 0.37578125 0.0546875 0.065625
1 0.21015625 0.5484375 0.1140625 0.2578125
1 0.34921875 0.50625 0.0953125 0.2234375
1 0.44765625 0.475 0.078125 0.1921875
1 0.5234375 0.37421875 0.040625 0.040625
1 0.58984375 0.3609375 0.028125 0.025