0 0.22265625 0.62890625 0.175 0.4953125
0 0.32421875 0.6046875 0.14375 0.4453125
0 0.42734375 0.5921875 0.140625 0.4765625
0 0.4609375 0.53671875 0.1171875 0.4125
0 0.70546875 0.48828125 0.1234375 0.3796875
0 0.5140625 0.53515625 0.103125 0.3515625
0 0.52734375 0.38203125 0.0484375 0.0796875
0 0.578125 0.54296875 0.103125 0.365625
0 0.61640625 0.3578125 0.059375 0.0765625
0 0.61328125 0.53984375 0.1265625 0.421875
1 0.25 0.50703125 0.075 0.24375
1 0.37421875 0.47421875 0.084375 0.2171875
1 0.471875 0.39921875 0.0578125 0.09375
1 0.571875 0.38125 0.0484375 0.09375
1 0.64140625 0.3640625 0.0453125 0.078125