0 0.18125 0.60625 0.1046875 0.5125
0 0.2578125 0.6453125 0.171875 0.6203125
0 0.39140625 0.61171875 0.084375 0.440625
0 0.4546875 0.63828125 0.1171875 0.5
0 0.534375 0.603125 0.078125 0.3734375
0 0.65390625 0.5859375 0.0734375 0.3265625
0 0.68984375 0.6671875 0.134375 0.3875
0 0.7578125 0.5953125 0.065625 0.321875
0 0.81640625 0.6390625 0.0984375 0.3671875
1 0.1484375 0.496875 0.0890625 0.2625
1 0.353125 0.50703125 0.075 0.2296875
1 0.50390625 0.45234375 0.05 0.08125
1 0.61953125 0.51796875 0.05625 0.175
1 0.715625 0.47421875 0.0390625 0.0578125