0 0.95390625 0.52890625 0.0921875 0.3203125
0 0.89765625 0.6015625 0.103125 0.346875
0 0.81796875 0.55078125 0.0796875 0.2828125
0 0.77265625 0.57109375 0.1140625 0.35625
0 0.6421875 0.4734375 0.0421875 0.10625
0 0.68359375 0.5859375 0.08125 0.3046875
0 0.5640625 0.509375 0.059375 0.153125
0 0.6296875 0.70390625 0.165625 0.515625
0 0.54921875 0.63125 0.103125 0.3484375
0 0.50234375 0.678125 0.140625 0.48125
0 0.428125 0.659375 0.1328125 0.4140625
0 0.3421875 0.66953125 0.134375 0.41875
0 0.253125 0.759375 0.159375 0.48125
0 0.134375 0.55859375 0.096875 0.125
0 0.1578125 0.759375 0.1625 0.48125
0 0.68984375 0.47734375 0.05 0.10625
1 0.60625 0.47265625 0.0453125 0.06875
1 0.52578125 0.4859375 0.0484375 0.08125
1 0.41015625 0.4953125 0.059375 0.0703125
1 0.28828125 0.58515625 0.09375 0.2140625
1 0.096875 0.63203125 0.1171875 0.2546875