0 0.8546875 0.5671875 0.0515625 0.3203125
0 0.778125 0.571875 0.08125 0.38125
0 0.71171875 0.5421875 0.0515625 0.2984375
0 0.615625 0.578125 0.0359375 0.303125
0 0.51875 0.58359375 0.0640625 0.3203125
0 0.45390625 0.6140625 0.0703125 0.428125
0 0.35625 0.59453125 0.065625 0.3953125
0 0.22421875 0.6453125 0.1015625 0.5109375
0 0.15234375 0.60390625 0.078125 0.48125
0 0.64609375 0.50390625 0.028125 0.153125
1 0.6734375 0.48671875 0.0375 0.146875
1 0.57734375 0.49453125 0.0421875 0.1671875
1 0.4515625 0.4453125 0.0484375 0.0796875
1 0.3078125 0.50546875 0.0609375 0.2109375
1 0.10625 0.515625 0.065625 0.24375