0 0.85390625 0.53828125 0.0625 0.3921875
0 0.6734375 0.5421875 0.04375 0.3546875
0 0.63359375 0.5578125 0.059375 0.3984375
0 0.4125 0.5609375 0.059375 0.4
0 0.45 0.54453125 0.0546875 0.353125
0 0.27734375 0.54453125 0.059375 0.3703125
0 0.21171875 0.54609375 0.071875 0.434375
0 0.0640625 0.5109375 0.05625 0.25625
0 0.08984375 0.56796875 0.046875 0.3546875
1 0.82265625 0.453125 0.0328125 0.1984375
1 0.64921875 0.3890625 0.0484375 0.0609375
1 0.471875 0.46484375 0.040625 0.1859375
1 0.3125 0.47109375 0.046875 0.184375
1 0.15078125 0.4765625 0.05 0.184375