0 0.18984375 0.53828125 0.121875 0.3765625
0 0.38125 0.5515625 0.0953125 0.33125
0 0.421875 0.59375 0.11875 0.3703125
0 0.50078125 0.56171875 0.0890625 0.2984375
0 0.56171875 0.58671875 0.1078125 0.3375
0 0.62265625 0.58828125 0.075 0.2328125
0 0.653125 0.4609375 0.0359375 0.0515625
0 0.66875 0.6125 0.1203125 0.4078125
0 0.74296875 0.53125 0.0515625 0.0953125
0 0.76015625 0.6234375 0.1015625 0.321875
0 0.84296875 0.615625 0.09375 0.3109375
0 0.81640625 0.59140625 0.075 0.275
1 0.21484375 0.38828125 0.06875 0.0765625
1 0.3671875 0.471875 0.0796875 0.1796875
1 0.49296875 0.48984375 0.06875 0.165625
1 0.61796875 0.50703125 0.0578125 0.146875
1 0.7171875 0.52109375 0.0578125 0.140625