0 0.1875 0.521875 0.140625 0.3765625
0 0.37890625 0.5453125 0.1125 0.3296875
0 0.41640625 0.58984375 0.1375 0.36875
0 0.49765625 0.56171875 0.103125 0.296875
0 0.55703125 0.58984375 0.125 0.3375
0 0.61796875 0.59453125 0.0859375 0.23125
0 0.6546875 0.46953125 0.0375 0.053125
0 0.66328125 0.62109375 0.140625 0.40625
0 0.740625 0.54375 0.0546875 0.096875
0 0.753125 0.63671875 0.11875 0.321875
0 0.83671875 0.63359375 0.109375 0.309375
0 0.8109375 0.6078125 0.0890625 0.2734375
1 0.22109375 0.3734375 0.071875 0.078125
1 0.36875 0.46484375 0.0875 0.1796875
1 0.49375 0.48984375 0.0765625 0.165625
1 0.6171875 0.51328125 0.065625 0.146875
1 0.715625 0.53203125 0.0640625 0.140625