0 0.1203125 0.575 0.109375 0.3890625
0 0.25390625 0.5734375 0.0796875 0.34375
0 0.3109375 0.55703125 0.08125 0.321875
0 0.4421875 0.58984375 0.0828125 0.3234375
0 0.59453125 0.6125 0.0890625 0.33125
0 0.653125 0.63203125 0.10625 0.353125
0 0.75546875 0.66484375 0.1375 0.471875
0 0.815625 0.6453125 0.0859375 0.4078125
1 0.2390625 0.4890625 0.0296875 0.14375
1 0.3625 0.50390625 0.053125 0.1484375
1 0.47421875 0.52109375 0.0625 0.16875
1 0.63359375 0.4875 0.0609375 0.084375
1 0.81953125 0.48671875 0.0578125 0.0546875