0 0.1015625 0.5515625 0.0875 0.4375
0 0.15078125 0.53515625 0.071875 0.3390625
0 0.340625 0.5296875 0.0734375 0.35625
0 0.36796875 0.52421875 0.0671875 0.33125
0 0.5171875 0.490625 0.059375 0.3546875
0 0.575 0.5109375 0.078125 0.4265625
0 0.6953125 0.5046875 0.0671875 0.290625
0 0.76875 0.5 0.0828125 0.3640625
0 0.86171875 0.47734375 0.0765625 0.353125
0 0.884375 0.46796875 0.059375 0.325
1 0.16015625 0.434375 0.0609375 0.2
1 0.34453125 0.42734375 0.0609375 0.19375
1 0.50625 0.4171875 0.0578125 0.184375
1 0.67578125 0.409375 0.0546875 0.1796875
1 0.82734375 0.3984375 0.0578125 0.175