0 0.83203125 0.62890625 0.1625 0.3953125
0 0.65625 0.5859375 0.1328125 0.353125
0 0.6140625 0.590625 0.1609375 0.4
0 0.4 0.5359375 0.1609375 0.4015625
0 0.43984375 0.5296875 0.14375 0.35625
0 0.2734375 0.48515625 0.153125 0.3734375
0 0.209375 0.46953125 0.1828125 0.4375
0 0.07578125 0.39765625 0.121875 0.2609375
0 0.0859375 0.459375 0.1375 0.3546875
1 0.8234375 0.53828125 0.0828125 0.2
1 0.67265625 0.43125 0.0625 0.071875
1 0.48203125 0.45859375 0.0875 0.190625
1 0.3265625 0.4234375 0.09375 0.190625
1 0.16875 0.38671875 0.0953125 0.1921875