0 0.1078125 0.5859375 0.125 0.440625
0 0.15546875 0.56484375 0.1 0.3421875
0 0.34375 0.54375 0.103125 0.359375
0 0.3703125 0.5359375 0.0953125 0.3328125
0 0.515625 0.4890625 0.0890625 0.35625
0 0.575 0.50390625 0.115625 0.4296875
0 0.6953125 0.4875 0.0921875 0.29375
0 0.76796875 0.4765625 0.1125 0.3671875
0 0.85859375 0.44609375 0.1078125 0.35625
0 0.8796875 0.434375 0.0875 0.328125
1 0.15546875 0.4640625 0.078125 0.203125
1 0.33828125 0.44140625 0.0765625 0.196875
1 0.49921875 0.41640625 0.0734375 0.1875
1 0.6671875 0.39453125 0.0703125 0.1828125
1 0.8171875 0.3703125 0.071875 0.178125