0 0.1625 0.68828125 0.1484375 0.3890625
0 0.2890625 0.6453125 0.1140625 0.34375
0 0.3375 0.6125 0.1140625 0.321875
0 0.47265625 0.603125 0.115625 0.3234375
0 0.62421875 0.578125 0.121875 0.33125
0 0.68671875 0.578125 0.140625 0.3546875
0 0.79375 0.578125 0.184375 0.4734375
0 0.8453125 0.540625 0.1265625 0.40625
1 0.2484375 0.5703125 0.04375 0.1421875
1 0.3703125 0.54609375 0.0671875 0.15
1 0.48203125 0.528125 0.0796875 0.1703125
1 0.62265625 0.446875 0.0671875 0.0875
1 0.8 0.38828125 0.0609375 0.059375