0 0.8609375 0.5046875 0.0953125 0.3234375
0 0.78671875 0.52265625 0.134375 0.3875
0 0.715625 0.5046875 0.0921875 0.3015625
0 0.62734375 0.55625 0.078125 0.3046875
0 0.5328125 0.5796875 0.1078125 0.3234375
0 0.475 0.6203125 0.1296875 0.43125
0 0.375 0.61796875 0.1203125 0.3984375
0 0.253125 0.690625 0.1703125 0.5171875
0 0.17578125 0.66328125 0.1453125 0.4859375
0 0.64453125 0.47890625 0.0484375 0.1546875
1 0.66875 0.45703125 0.05625 0.15
1 0.575 0.48125 0.0640625 0.1703125
1 0.44296875 0.4546875 0.059375 0.0859375
1 0.31171875 0.53828125 0.090625 0.2171875
1 0.11484375 0.58359375 0.0984375 0.2484375