0 0.06171875 0.646875 0.1234375 0.39375
0 0.14140625 0.6109375 0.1234375 0.340625
0 0.3203125 0.571875 0.1234375 0.3609375
0 0.39921875 0.58515625 0.146875 0.3640625
0 0.46171875 0.54375 0.13125 0.3640625
0 0.621875 0.51328125 0.1078125 0.3484375
0 0.6484375 0.509375 0.1046875 0.3578125
0 0.69375 0.5078125 0.140625 0.4375
0 0.83984375 0.50859375 0.115625 0.3328125
1 0.1765625 0.534375 0.0765625 0.1765625
1 0.32421875 0.465625 0.053125 0.109375
1 0.47734375 0.47734375 0.06875 0.18125
1 0.625 0.37890625 0.0671875 0.053125
1 0.80390625 0.38203125 0.0734375 0.1390625