0 0.0875 0.6875 0.10625 0.3171875
0 0.13125 0.63828125 0.109375 0.3484375
0 0.1875 0.64609375 0.140625 0.4453125
0 0.2625 0.621875 0.1359375 0.4140625
0 0.3046875 0.625 0.103125 0.3328125
0 0.4265625 0.59453125 0.1296875 0.3859375
0 0.47421875 0.58828125 0.1109375 0.3359375
0 0.60625 0.55859375 0.11875 0.3765625
0 0.65703125 0.5546875 0.1171875 0.384375
0 0.8078125 0.52578125 0.1328125 0.371875
1 0.15078125 0.5015625 0.0578125 0.04375
1 0.31796875 0.54609375 0.084375 0.18125
1 0.46640625 0.51640625 0.0734375 0.1890625
1 0.6203125 0.4125 0.059375 0.053125
1 0.78828125 0.38359375 0.06875 0.0625