0 0.12421875 0.571875 0.0625 0.3921875
0 0.16953125 0.5875 0.0609375 0.475
0 0.221875 0.61171875 0.090625 0.565625
0 0.3 0.5453125 0.0625 0.384375
0 0.3515625 0.5578125 0.0796875 0.3765625
0 0.44140625 0.53515625 0.065625 0.3984375
0 0.475 0.43203125 0.0515625 0.1703125
0 0.55625 0.50859375 0.059375 0.3234375
0 0.60546875 0.53046875 0.0734375 0.3640625
0 0.6421875 0.49140625 0.04375 0.284375
0 0.675 0.46953125 0.0484375 0.2390625
0 0.73671875 0.5078125 0.065625 0.31875
0 0.79765625 0.48203125 0.0671875 0.2765625
0 0.77734375 0.36953125 0.034375 0.075
1 0.0984375 0.46875 0.08125 0.221875
1 0.271875 0.4015625 0.0453125 0.08125
1 0.4046875 0.44296875 0.053125 0.1578125
1 0.51484375 0.43203125 0.0421875 0.14375
1 0.59453125 0.39765625 0.0390625 0.078125