0 0.1171875 0.50546875 0.0890625 0.3921875
0 0.159375 0.52890625 0.09375 0.475
0 0.20703125 0.56171875 0.1296875 0.5671875
0 0.29453125 0.51015625 0.0890625 0.384375
0 0.34375 0.53125 0.1046875 0.378125
0 0.43671875 0.52421875 0.09375 0.4
0 0.4875 0.428125 0.0625 0.171875
0 0.55390625 0.51875 0.08125 0.3234375
0 0.5984375 0.5484375 0.0984375 0.365625
0 0.64140625 0.51640625 0.0640625 0.284375
0 0.678125 0.50078125 0.0640625 0.240625
0 0.73203125 0.54921875 0.0875 0.3203125
0 0.796875 0.534375 0.0859375 0.278125
0 0.7953125 0.41953125 0.040625 0.0765625
1 0.11015625 0.39921875 0.0953125 0.225
1 0.2921875 0.36328125 0.05 0.0828125
1 0.41640625 0.42734375 0.0625 0.159375
1 0.5265625 0.4359375 0.0515625 0.1453125
1 0.6109375 0.41640625 0.04375 0.0796875