0 0.0671875 0.66171875 0.134375 0.3921875
0 0.1453125 0.6234375 0.134375 0.340625
0 0.32265625 0.578125 0.1359375 0.3609375
0 0.40234375 0.58828125 0.1578125 0.365625
0 0.46328125 0.5453125 0.14375 0.3640625
0 0.62265625 0.509375 0.1203125 0.346875
0 0.6484375 0.5046875 0.115625 0.35625
0 0.69375 0.5015625 0.1546875 0.4359375
0 0.840625 0.49609375 0.1265625 0.3328125
1 0.178125 0.5453125 0.08125 0.1765625
1 0.3234375 0.471875 0.05625 0.109375
1 0.4765625 0.478125 0.0734375 0.18125
1 0.62109375 0.37421875 0.06875 0.0546875
1 0.79921875 0.371875 0.078125 0.140625