0 0.05703125 0.59765625 0.0640625 0.315625
0 0.11015625 0.55859375 0.0625 0.346875
0 0.1640625 0.578125 0.0796875 0.4421875
0 0.24296875 0.5703125 0.0796875 0.4109375
0 0.2828125 0.58125 0.0578125 0.33125
0 0.4078125 0.57734375 0.0765625 0.3828125
0 0.45625 0.58125 0.065625 0.3328125
0 0.5921875 0.57890625 0.0671875 0.375
0 0.6421875 0.5859375 0.065625 0.3828125
0 0.7953125 0.5890625 0.084375 0.3671875
1 0.15859375 0.42890625 0.053125 0.0375
1 0.3125 0.5078125 0.0609375 0.1765625
1 0.4640625 0.50859375 0.0484375 0.1859375
1 0.6359375 0.4390625 0.053125 0.046875
1 0.80625 0.44609375 0.0625 0.0546875