0 0.109375 0.65546875 0.1109375 0.3
0 0.2125 0.61796875 0.1390625 0.40625
0 0.2734375 0.596875 0.1234375 0.3609375
0 0.3984375 0.6015625 0.13125 0.396875
0 0.4453125 0.56796875 0.1140625 0.3484375
0 0.603125 0.56875 0.1125 0.365625
0 0.60234375 0.4984375 0.109375 0.2765625
0 0.7859375 0.5078125 0.1328125 0.3671875
0 0.84375 0.50390625 0.1453125 0.4328125
1 0.1328125 0.5640625 0.08125 0.18125
1 0.29609375 0.53203125 0.0703125 0.178125
1 0.4453125 0.50078125 0.065625 0.1828125
1 0.61640625 0.465625 0.0609375 0.190625
1 0.75703125 0.4296875 0.0640625 0.18125