0 0.8203125 0.57734375 0.109375 0.4015625
0 0.61640625 0.575 0.096875 0.3734375
0 0.42890625 0.55 0.08125 0.375
0 0.3734375 0.55 0.090625 0.425
0 0.2578125 0.5328125 0.0734375 0.396875
0 0.196875 0.52734375 0.1 0.41875
0 0.06796875 0.525 0.0734375 0.375
0 0.10546875 0.52734375 0.1078125 0.3734375
1 0.1203125 0.3828125 0.065625 0.046875
1 0.28671875 0.46640625 0.0640625 0.1921875
1 0.4484375 0.4734375 0.0609375 0.196875
1 0.6390625 0.421875 0.059375 0.0734375
1 0.8234375 0.43515625 0.0671875 0.0921875