0 0.09296875 0.50625 0.1328125 0.4296875
0 0.1953125 0.50234375 0.140625 0.3984375
0 0.3875 0.5234375 0.09375 0.3375
0 0.42265625 0.575 0.1375 0.50625
0 0.5421875 0.4859375 0.071875 0.215625
0 0.5625 0.58046875 0.1359375 0.4375
0 0.63671875 0.56015625 0.1203125 0.4125
0 0.69296875 0.55078125 0.10625 0.3078125
0 0.8203125 0.5609375 0.0953125 0.3125
0 0.9015625 0.58515625 0.1078125 0.353125
1 0.2125 0.3453125 0.0703125 0.0625
1 0.3828125 0.4421875 0.0796875 0.1921875
1 0.52578125 0.45859375 0.0671875 0.18125
1 0.68203125 0.41171875 0.05 0.04375
1 0.7859375 0.4875 0.0671875 0.159375