0 0.825 0.6015625 0.13125 0.4234375
0 0.0484375 0.471875 0.096875 0.365625
0 0.12734375 0.49609375 0.10625 0.3359375
0 0.3203125 0.51484375 0.1046875 0.3546875
0 0.4625 0.525 0.11875 0.4109375
0 0.6375 0.57109375 0.1203125 0.375
0 0.39453125 0.5453125 0.1390625 0.49375
0 0.2265625 0.50234375 0.159375 0.4203125
1 0.16171875 0.41953125 0.078125 0.1890625
1 0.31796875 0.44140625 0.0796875 0.1890625
1 0.47421875 0.46796875 0.0828125 0.196875
1 0.66796875 0.434375 0.059375 0.0671875
1 0.85 0.44765625 0.065625 0.053125