0 0.80234375 0.63203125 0.175 0.4046875
0 0.6015625 0.59375 0.159375 0.3765625
0 0.421875 0.53671875 0.14375 0.375
0 0.3671875 0.52734375 0.1609375 0.4234375
0 0.25625 0.48984375 0.1390625 0.3953125
0 0.19609375 0.47421875 0.16875 0.4203125
0 0.0703125 0.44921875 0.1359375 0.3734375
0 0.10703125 0.45859375 0.16875 0.378125
1 0.146875 0.31875 0.0703125 0.05625
1 0.29609375 0.4296875 0.0953125 0.1953125
1 0.45390625 0.46484375 0.09375 0.2
1 0.65078125 0.44765625 0.06875 0.08125
1 0.8296875 0.4921875 0.0796875 0.1