0 0.09375 0.5203125 0.11875 0.4296875
0 0.1953125 0.51328125 0.128125 0.396875
0 0.38828125 0.52734375 0.0828125 0.3375
0 0.425 0.57734375 0.1203125 0.50625
0 0.5421875 0.484375 0.0640625 0.215625
0 0.56484375 0.578125 0.1203125 0.4375
0 0.6390625 0.55546875 0.10625 0.4125
0 0.69453125 0.54453125 0.096875 0.30625
0 0.821875 0.55 0.084375 0.3125
0 0.9046875 0.57109375 0.0953125 0.353125
1 0.2078125 0.35546875 0.06875 0.0609375
1 0.38046875 0.44609375 0.0734375 0.190625
1 0.52421875 0.4578125 0.0609375 0.18125
1 0.678125 0.40546875 0.0484375 0.0421875
1 0.78515625 0.47734375 0.0609375 0.1578125