0 0.8359375 0.55546875 0.075 0.4203125
0 0.0390625 0.5375 0.0703125 0.3609375
0 0.13046875 0.5484375 0.0609375 0.3328125
0 0.32421875 0.53984375 0.05625 0.353125
0 0.46640625 0.5296875 0.0640625 0.4078125
0 0.64609375 0.55078125 0.0703125 0.3703125
0 0.40234375 0.559375 0.071875 0.490625
0 0.2296875 0.540625 0.103125 0.4125
1 0.15390625 0.4671875 0.053125 0.184375
1 0.31171875 0.4671875 0.05625 0.184375
1 0.4703125 0.471875 0.05625 0.1921875
1 0.65703125 0.4109375 0.0515625 0.0609375
1 0.8390625 0.4 0.0609375 0.0453125