0 0.08984375 0.64375 0.08125 0.3546875
0 0.16875 0.6359375 0.0703125 0.3
0 0.32109375 0.61171875 0.0796875 0.33125
0 0.46015625 0.59140625 0.08125 0.328125
0 0.55625 0.5953125 0.0890625 0.35625
0 0.6328125 0.5875 0.0953125 0.309375
0 0.784375 0.5625 0.0859375 0.35625
0 0.83359375 0.55390625 0.065625 0.315625
1 0.1875 0.55546875 0.0640625 0.1671875
1 0.33203125 0.53671875 0.0703125 0.178125
1 0.4734375 0.5203125 0.0640625 0.1734375
1 0.63515625 0.45859375 0.0546875 0.0875
1 0.7984375 0.4359375 0.0640625 0.090625