0 0.08046875 0.61484375 0.0578125 0.353125
0 0.159375 0.6125 0.05 0.2984375
0 0.31328125 0.5984375 0.05625 0.328125
0 0.45390625 0.58828125 0.059375 0.3265625
0 0.54921875 0.59921875 0.0640625 0.353125
0 0.6265625 0.59609375 0.0734375 0.3046875
0 0.7796875 0.58203125 0.0609375 0.3546875
0 0.82890625 0.57734375 0.0453125 0.3140625
1 0.184375 0.53359375 0.053125 0.1640625
1 0.33046875 0.525 0.0578125 0.175
1 0.471875 0.51875 0.0515625 0.1703125
1 0.6375 0.46796875 0.0484375 0.084375
1 0.80234375 0.45703125 0.0578125 0.0875